age,samp_no,chain_no,ar,N
0,301001,1,0.134185303514377,313
0,301001,2,0.08626198083067092,313
0,301001,3,0.134185303514377,313
0,301001,4,0.11501597444089456,313
0,301001,5,0.10543130990415335,313
0,304501,1,0.0926517571884984,313
0,304501,2,0.14057507987220447,313
0,304501,3,0.12140575079872204,313
0,304501,4,0.07348242811501597,313
0,304501,5,0.14376996805111822,313
0,308001,1,0.1182108626198083,313
0,308001,2,0.13099041533546327,313
0,308001,3,0.1182108626198083,313
0,308001,4,0.0926517571884984,313
0,308001,5,0.14057507987220447,313
0,311501,1,0.12140575079872204,313
0,311501,2,0.07987220447284345,313
0,311501,3,0.07987220447284345,313
0,311501,4,0.09584664536741214,313
0,311501,5,0.12460063897763578,313
0,315001,1,0.08945686900958466,313
0,315001,2,0.12460063897763578,313
0,315001,3,0.10543130990415335,313
0,315001,4,0.10862619808306709,313
0,315001,5,0.11501597444089456,313
0,318501,1,0.10543130990415335,313
0,318501,2,0.11501597444089456,313
0,318501,3,0.09584664536741214,313
0,318501,4,0.12460063897763578,313
0,318501,5,0.09584664536741214,313
0,322001,1,0.13099041533546327,313
0,322001,2,0.10862619808306709,313
0,322001,3,0.08945686900958466,313
0,322001,4,0.09904153354632587,313
0,322001,5,0.07667731629392971,313
0,325501,1,0.10862619808306709,313
0,325501,2,0.0926517571884984,313
0,325501,3,0.12779552715654952,313
0,325501,4,0.10862619808306709,313
0,325501,5,0.08945686900958466,313
0,329001,1,0.12140575079872204,313
0,329001,2,0.1182108626198083,313
0,329001,3,0.11501597444089456,313
0,329001,4,0.10862619808306709,313
0,329001,5,0.12140575079872204,313
0,332501,1,0.08306709265175719,313
0,332501,2,0.13099041533546327,313
0,332501,3,0.08945686900958466,313
0,332501,4,0.11501597444089456,313
0,332501,5,0.0926517571884984,313
0,336001,1,0.09584664536741214,313
0,336001,2,0.134185303514377,313
0,336001,3,0.08626198083067092,313
0,336001,4,0.08626198083067092,313
0,336001,5,0.10223642172523961,313
0,339501,1,0.11501597444089456,313
0,339501,2,0.11501597444089456,313
0,339501,3,0.12779552715654952,313
0,339501,4,0.11501597444089456,313
0,339501,5,0.11501597444089456,313
0,343001,1,0.10543130990415335,313
0,343001,2,0.0926517571884984,313
0,343001,3,0.1182108626198083,313
0,343001,4,0.08626198083067092,313
0,343001,5,0.15335463258785942,313
0,346501,1,0.15335463258785942,313
0,346501,2,0.09584664536741214,313
0,346501,3,0.1182108626198083,313
0,346501,4,0.07667731629392971,313
0,346501,5,0.08945686900958466,313
0,350001,1,0.12460063897763578,313
0,350001,2,0.10543130990415335,313
0,350001,3,0.0926517571884984,313
0,350001,4,0.09584664536741214,313
0,350001,5,0.11501597444089456,313
0,353501,1,0.13738019169329074,313
0,353501,2,0.12460063897763578,313
0,353501,3,0.08626198083067092,313
0,353501,4,0.09584664536741214,313
0,353501,5,0.14696485623003194,313
0,357001,1,0.0926517571884984,313
0,357001,2,0.134185303514377,313
0,357001,3,0.09904153354632587,313
0,357001,4,0.14057507987220447,313
0,357001,5,0.14696485623003194,313
0,360501,1,0.16613418530351437,313
0,360501,2,0.13099041533546327,313
0,360501,3,0.09904153354632587,313
0,360501,4,0.13738019169329074,313
0,360501,5,0.1597444089456869,313
0,364001,1,0.14376996805111822,313
0,364001,2,0.15654952076677317,313
0,364001,3,0.14376996805111822,313
0,364001,4,0.09584664536741214,313
0,364001,5,0.13738019169329074,313
0,367501,1,0.14696485623003194,313
0,367501,2,0.134185303514377,313
0,367501,3,0.12779552715654952,313
0,367501,4,0.10543130990415335,313
0,367501,5,0.11501597444089456,313
0,371001,1,0.134185303514377,313
0,371001,2,0.10543130990415335,313
0,371001,3,0.11501597444089456,313
0,371001,4,0.13738019169329074,313
0,371001,5,0.14057507987220447,313
0,374501,1,0.11182108626198083,313
0,374501,2,0.14376996805111822,313
0,374501,3,0.12140575079872204,313
0,374501,4,0.16613418530351437,313
0,374501,5,0.11501597444089456,313
0,378001,1,0.10543130990415335,313
0,378001,2,0.10543130990415335,313
0,378001,3,0.12140575079872204,313
0,378001,4,0.14696485623003194,313
0,378001,5,0.14696485623003194,313
0,381501,1,0.14696485623003194,313
0,381501,2,0.12140575079872204,313
0,381501,3,0.0926517571884984,313
0,381501,4,0.10862619808306709,313
0,381501,5,0.13738019169329074,313
0,385001,1,0.13738019169329074,313
0,385001,2,0.0926517571884984,313
0,385001,3,0.15335463258785942,313
0,385001,4,0.10543130990415335,313
0,385001,5,0.18210862619808307,313
0,388501,1,0.07667731629392971,313
0,388501,2,0.09584664536741214,313
0,388501,3,0.10223642172523961,313
0,388501,4,0.11182108626198083,313
0,388501,5,0.13099041533546327,313
0,392001,1,0.1501597444089457,313
0,392001,2,0.1182108626198083,313
0,392001,3,0.14057507987220447,313
0,392001,4,0.11182108626198083,313
0,392001,5,0.09904153354632587,313
0,395501,1,0.12779552715654952,313
0,395501,2,0.14376996805111822,313
0,395501,3,0.17891373801916932,313
0,395501,4,0.10862619808306709,313
0,395501,5,0.10543130990415335,313
0,399001,1,0.08626198083067092,313
0,399001,2,0.11182108626198083,313
0,399001,3,0.06070287539936102,313
0,399001,4,0.13099041533546327,313
0,399001,5,0.12779552715654952,313
0,402501,1,0.10543130990415335,313
0,402501,2,0.12140575079872204,313
0,402501,3,0.08626198083067092,313
0,402501,4,0.16293929712460065,313
0,402501,5,0.09584664536741214,313
0,406001,1,0.15335463258785942,313
0,406001,2,0.13099041533546327,313
0,406001,3,0.10543130990415335,313
0,406001,4,0.12779552715654952,313
0,406001,5,0.12140575079872204,313
0,409501,1,0.09584664536741214,313
0,409501,2,0.11182108626198083,313
0,409501,3,0.12460063897763578,313
0,409501,4,0.10223642172523961,313
0,409501,5,0.08306709265175719,313
0,413001,1,0.08945686900958466,313
0,413001,2,0.10223642172523961,313
0,413001,3,0.12140575079872204,313
0,413001,4,0.10543130990415335,313
0,413001,5,0.09904153354632587,313
0,416501,1,0.08945686900958466,313
0,416501,2,0.15335463258785942,313
0,416501,3,0.14376996805111822,313
0,416501,4,0.0926517571884984,313
0,416501,5,0.10862619808306709,313
0,420001,1,0.13738019169329074,313
0,420001,2,0.07987220447284345,313
0,420001,3,0.134185303514377,313
0,420001,4,0.14376996805111822,313
0,420001,5,0.08306709265175719,313
0,423501,1,0.11501597444089456,313
0,423501,2,0.12779552715654952,313
0,423501,3,0.11182108626198083,313
0,423501,4,0.11182108626198083,313
0,423501,5,0.12140575079872204,313
0,427001,1,0.12460063897763578,313
0,427001,2,0.09584664536741214,313
0,427001,3,0.16613418530351437,313
0,427001,4,0.12779552715654952,313
0,427001,5,0.11182108626198083,313
0,430501,1,0.10543130990415335,313
0,430501,2,0.17252396166134185,313
0,430501,3,0.12140575079872204,313
0,430501,4,0.13099041533546327,313
0,430501,5,0.11501597444089456,313
0,434001,1,0.10223642172523961,313
0,434001,2,0.12140575079872204,313
0,434001,3,0.10862619808306709,313
0,434001,4,0.0926517571884984,313
0,434001,5,0.08945686900958466,313
0,437501,1,0.1182108626198083,313
0,437501,2,0.12140575079872204,313
0,437501,3,0.08626198083067092,313
0,437501,4,0.13099041533546327,313
0,437501,5,0.14057507987220447,313
0,441001,1,0.16932907348242812,313
0,441001,2,0.12460063897763578,313
0,441001,3,0.12460063897763578,313
0,441001,4,0.12460063897763578,313
0,441001,5,0.12460063897763578,313
0,444501,1,0.16932907348242812,313
0,444501,2,0.12140575079872204,313
0,444501,3,0.09584664536741214,313
0,444501,4,0.10862619808306709,313
0,444501,5,0.09904153354632587,313
0,448001,1,0.08626198083067092,313
0,448001,2,0.1501597444089457,313
0,448001,3,0.16932907348242812,313
0,448001,4,0.13099041533546327,313
0,448001,5,0.17252396166134185,313
0,451501,1,0.1501597444089457,313
0,451501,2,0.11501597444089456,313
0,451501,3,0.1501597444089457,313
0,451501,4,0.08626198083067092,313
0,451501,5,0.14057507987220447,313
0,455001,1,0.134185303514377,313
0,455001,2,0.08306709265175719,313
0,455001,3,0.12140575079872204,313
0,455001,4,0.134185303514377,313
0,455001,5,0.11501597444089456,313
0,458501,1,0.10543130990415335,313
0,458501,2,0.11501597444089456,313
0,458501,3,0.12140575079872204,313
0,458501,4,0.13099041533546327,313
0,458501,5,0.11501597444089456,313
0,462001,1,0.13099041533546327,313
0,462001,2,0.12140575079872204,313
0,462001,3,0.1182108626198083,313
0,462001,4,0.12140575079872204,313
0,462001,5,0.14376996805111822,313
0,465501,1,0.14057507987220447,313
0,465501,2,0.1501597444089457,313
0,465501,3,0.10223642172523961,313
0,465501,4,0.16293929712460065,313
0,465501,5,0.13099041533546327,313
0,469001,1,0.12779552715654952,313
0,469001,2,0.11182108626198083,313
0,469001,3,0.10543130990415335,313
0,469001,4,0.14376996805111822,313
0,469001,5,0.13099041533546327,313
0,472501,1,0.11182108626198083,313
0,472501,2,0.1182108626198083,313
0,472501,3,0.134185303514377,313
0,472501,4,0.1182108626198083,313
0,472501,5,0.0926517571884984,313
0,476001,1,0.08626198083067092,313
0,476001,2,0.12779552715654952,313
0,476001,3,0.10862619808306709,313
0,476001,4,0.1182108626198083,313
0,476001,5,0.13738019169329074,313
0,479501,1,0.11182108626198083,313
0,479501,2,0.12140575079872204,313
0,479501,3,0.09584664536741214,313
0,479501,4,0.12460063897763578,313
0,479501,5,0.09904153354632587,313
0,483001,1,0.12779552715654952,313
0,483001,2,0.11501597444089456,313
0,483001,3,0.12779552715654952,313
0,483001,4,0.09584664536741214,313
0,483001,5,0.1182108626198083,313
0,486501,1,0.11501597444089456,313
0,486501,2,0.11501597444089456,313
0,486501,3,0.12460063897763578,313
0,486501,4,0.10543130990415335,313
0,486501,5,0.11501597444089456,313
0,490001,1,0.1597444089456869,313
0,490001,2,0.13099041533546327,313
0,490001,3,0.0926517571884984,313
0,490001,4,0.13738019169329074,313
0,490001,5,0.15335463258785942,313
0,493501,1,0.1597444089456869,313
0,493501,2,0.10543130990415335,313
0,493501,3,0.08945686900958466,313
0,493501,4,0.134185303514377,313
0,493501,5,0.07348242811501597,313
0,497001,1,0.16932907348242812,313
0,497001,2,0.12460063897763578,313
0,497001,3,0.10223642172523961,313
0,497001,4,0.11182108626198083,313
0,497001,5,0.11182108626198083,313
0,500501,1,0.11501597444089456,313
0,500501,2,0.12460063897763578,313
0,500501,3,0.09584664536741214,313
0,500501,4,0.11501597444089456,313
0,500501,5,0.08945686900958466,313
0,504001,1,0.12140575079872204,313
0,504001,2,0.09584664536741214,313
0,504001,3,0.10862619808306709,313
0,504001,4,0.12779552715654952,313
0,504001,5,0.07348242811501597,313
0,507501,1,0.09904153354632587,313
0,507501,2,0.10543130990415335,313
0,507501,3,0.12460063897763578,313
0,507501,4,0.13099041533546327,313
0,507501,5,0.12140575079872204,313
0,511001,1,0.09904153354632587,313
0,511001,2,0.1501597444089457,313
0,511001,3,0.11182108626198083,313
0,511001,4,0.11182108626198083,313
0,511001,5,0.1182108626198083,313
0,514501,1,0.14376996805111822,313
0,514501,2,0.09904153354632587,313
0,514501,3,0.07987220447284345,313
0,514501,4,0.15654952076677317,313
0,514501,5,0.10223642172523961,313
0,518001,1,0.12460063897763578,313
0,518001,2,0.134185303514377,313
0,518001,3,0.12140575079872204,313
0,518001,4,0.134185303514377,313
0,518001,5,0.09584664536741214,313
0,521501,1,0.1501597444089457,313
0,521501,2,0.13099041533546327,313
0,521501,3,0.10223642172523961,313
0,521501,4,0.16613418530351437,313
0,521501,5,0.1182108626198083,313
0,525001,1,0.12460063897763578,313
0,525001,2,0.1182108626198083,313
0,525001,3,0.12140575079872204,313
0,525001,4,0.11501597444089456,313
0,525001,5,0.1182108626198083,313
0,528501,1,0.13099041533546327,313
0,528501,2,0.10223642172523961,313
0,528501,3,0.134185303514377,313
0,528501,4,0.09904153354632587,313
0,528501,5,0.11182108626198083,313
0,532001,1,0.08626198083067092,313
0,532001,2,0.11182108626198083,313
0,532001,3,0.14376996805111822,313
0,532001,4,0.134185303514377,313
0,532001,5,0.11182108626198083,313
0,535501,1,0.10543130990415335,313
0,535501,2,0.08306709265175719,313
0,535501,3,0.10543130990415335,313
0,535501,4,0.10543130990415335,313
0,535501,5,0.09904153354632587,313
0,539001,1,0.14057507987220447,313
0,539001,2,0.09904153354632587,313
0,539001,3,0.0926517571884984,313
0,539001,4,0.08626198083067092,313
0,539001,5,0.14696485623003194,313
0,542501,1,0.11501597444089456,313
0,542501,2,0.11501597444089456,313
0,542501,3,0.1182108626198083,313
0,542501,4,0.12460063897763578,313
0,542501,5,0.12140575079872204,313
0,546001,1,0.1182108626198083,313
0,546001,2,0.14696485623003194,313
0,546001,3,0.19488817891373802,313
0,546001,4,0.10862619808306709,313
0,546001,5,0.12140575079872204,313
0,549501,1,0.14057507987220447,313
0,549501,2,0.10543130990415335,313
0,549501,3,0.11501597444089456,313
0,549501,4,0.06070287539936102,313
0,549501,5,0.11501597444089456,313
0,553001,1,0.134185303514377,313
0,553001,2,0.10223642172523961,313
0,553001,3,0.13738019169329074,313
0,553001,4,0.08945686900958466,313
0,553001,5,0.08945686900958466,313
0,556501,1,0.13738019169329074,313
0,556501,2,0.12779552715654952,313
0,556501,3,0.08945686900958466,313
0,556501,4,0.11182108626198083,313
0,556501,5,0.11501597444089456,313
0,560001,1,0.11501597444089456,313
0,560001,2,0.12779552715654952,313
0,560001,3,0.11501597444089456,313
0,560001,4,0.134185303514377,313
0,560001,5,0.10862619808306709,313
0,563501,1,0.10862619808306709,313
0,563501,2,0.14376996805111822,313
0,563501,3,0.13738019169329074,313
0,563501,4,0.12779552715654952,313
0,563501,5,0.12140575079872204,313
0,567001,1,0.1501597444089457,313
0,567001,2,0.07348242811501597,313
0,567001,3,0.1501597444089457,313
0,567001,4,0.11501597444089456,313
0,567001,5,0.10223642172523961,313
0,570501,1,0.13738019169329074,313
0,570501,2,0.1501597444089457,313
0,570501,3,0.13738019169329074,313
0,570501,4,0.07667731629392971,313
0,570501,5,0.10862619808306709,313
0,574001,1,0.1501597444089457,313
0,574001,2,0.10862619808306709,313
0,574001,3,0.0926517571884984,313
0,574001,4,0.09584664536741214,313
0,574001,5,0.17252396166134185,313
0,577501,1,0.10862619808306709,313
0,577501,2,0.11182108626198083,313
0,577501,3,0.13099041533546327,313
0,577501,4,0.12460063897763578,313
0,577501,5,0.09904153354632587,313
0,581001,1,0.0926517571884984,313
0,581001,2,0.17252396166134185,313
0,581001,3,0.12140575079872204,313
0,581001,4,0.08626198083067092,313
0,581001,5,0.10223642172523961,313
0,584501,1,0.10862619808306709,313
0,584501,2,0.134185303514377,313
0,584501,3,0.12140575079872204,313
0,584501,4,0.13738019169329074,313
0,584501,5,0.12140575079872204,313
0,588001,1,0.09584664536741214,313
0,588001,2,0.11182108626198083,313
0,588001,3,0.14057507987220447,313
0,588001,4,0.06389776357827476,313
0,588001,5,0.11501597444089456,313
0,591501,1,0.08626198083067092,313
0,591501,2,0.11501597444089456,313
0,591501,3,0.13738019169329074,313
0,591501,4,0.07987220447284345,313
0,591501,5,0.13738019169329074,313
0,595001,1,0.13738019169329074,313
0,595001,2,0.12140575079872204,313
0,595001,3,0.0926517571884984,313
0,595001,4,0.12460063897763578,313
0,595001,5,0.14057507987220447,313
0,598501,1,0.11501597444089456,313
0,598501,2,0.11182108626198083,313
0,598501,3,0.09904153354632587,313
0,598501,4,0.1501597444089457,313
0,598501,5,0.14376996805111822,313
0,602001,1,0.07028753993610223,313
0,602001,2,0.16293929712460065,313
0,602001,3,0.12140575079872204,313
0,602001,4,0.13738019169329074,313
0,602001,5,0.09904153354632587,313
0,605501,1,0.08945686900958466,313
0,605501,2,0.134185303514377,313
0,605501,3,0.1182108626198083,313
0,605501,4,0.15335463258785942,313
0,605501,5,0.11182108626198083,313
0,609001,1,0.10862619808306709,313
0,609001,2,0.134185303514377,313
0,609001,3,0.11501597444089456,313
0,609001,4,0.12779552715654952,313
0,609001,5,0.08626198083067092,313
0,612501,1,0.08306709265175719,313
0,612501,2,0.16293929712460065,313
0,612501,3,0.13099041533546327,313
0,612501,4,0.10223642172523961,313
0,612501,5,0.10223642172523961,313
0,616001,1,0.134185303514377,313
0,616001,2,0.10223642172523961,313
0,616001,3,0.13099041533546327,313
0,616001,4,0.10543130990415335,313
0,616001,5,0.11501597444089456,313
0,619501,1,0.12460063897763578,313
0,619501,2,0.12140575079872204,313
0,619501,3,0.11182108626198083,313
0,619501,4,0.15335463258785942,313
0,619501,5,0.14057507987220447,313
0,623001,1,0.12460063897763578,313
0,623001,2,0.1597444089456869,313
0,623001,3,0.09904153354632587,313
0,623001,4,0.08306709265175719,313
0,623001,5,0.14696485623003194,313
0,626501,1,0.14057507987220447,313
0,626501,2,0.08945686900958466,313
0,626501,3,0.09584664536741214,313
0,626501,4,0.0926517571884984,313
0,626501,5,0.09584664536741214,313
0,630001,1,0.0926517571884984,313
0,630001,2,0.10543130990415335,313
0,630001,3,0.10223642172523961,313
0,630001,4,0.11501597444089456,313
0,630001,5,0.12460063897763578,313
0,633501,1,0.15335463258785942,313
0,633501,2,0.10223642172523961,313
0,633501,3,0.12779552715654952,313
0,633501,4,0.14057507987220447,313
0,633501,5,0.1501597444089457,313
0,637001,1,0.12779552715654952,313
0,637001,2,0.11182108626198083,313
0,637001,3,0.16932907348242812,313
0,637001,4,0.12779552715654952,313
0,637001,5,0.1597444089456869,313
0,640501,1,0.14376996805111822,313
0,640501,2,0.11182108626198083,313
0,640501,3,0.12779552715654952,313
0,640501,4,0.08626198083067092,313
0,640501,5,0.07987220447284345,313
0,644001,1,0.15335463258785942,313
0,644001,2,0.08306709265175719,313
0,644001,3,0.14376996805111822,313
0,644001,4,0.12460063897763578,313
0,644001,5,0.12779552715654952,313
0,647501,1,0.13099041533546327,313
0,647501,2,0.13738019169329074,313
0,647501,3,0.14057507987220447,313
0,647501,4,0.13099041533546327,313
0,647501,5,0.11182108626198083,313
0,651001,1,0.08626198083067092,313
0,651001,2,0.12779552715654952,313
0,651001,3,0.1182108626198083,313
0,651001,4,0.07987220447284345,313
0,651001,5,0.13099041533546327,313
0,654501,1,0.13099041533546327,313
0,654501,2,0.1757188498402556,313
0,654501,3,0.12460063897763578,313
0,654501,4,0.07667731629392971,313
0,654501,5,0.11182108626198083,313
0,658001,1,0.10223642172523961,313
0,658001,2,0.15335463258785942,313
0,658001,3,0.12460063897763578,313
0,658001,4,0.15654952076677317,313
0,658001,5,0.134185303514377,313
0,661501,1,0.12460063897763578,313
0,661501,2,0.12460063897763578,313
0,661501,3,0.10223642172523961,313
0,661501,4,0.12140575079872204,313
0,661501,5,0.12140575079872204,313
0,665001,1,0.10223642172523961,313
0,665001,2,0.0926517571884984,313
0,665001,3,0.0926517571884984,313
0,665001,4,0.15335463258785942,313
0,665001,5,0.134185303514377,313
0,668501,1,0.09904153354632587,313
0,668501,2,0.13738019169329074,313
0,668501,3,0.1182108626198083,313
0,668501,4,0.08626198083067092,313
0,668501,5,0.09584664536741214,313
0,672001,1,0.08626198083067092,313
0,672001,2,0.10223642172523961,313
0,672001,3,0.0926517571884984,313
0,672001,4,0.134185303514377,313
0,672001,5,0.10862619808306709,313
0,675501,1,0.0926517571884984,313
0,675501,2,0.16613418530351437,313
0,675501,3,0.09904153354632587,313
0,675501,4,0.10543130990415335,313
0,675501,5,0.14696485623003194,313
0,679001,1,0.134185303514377,313
0,679001,2,0.11182108626198083,313
0,679001,3,0.09904153354632587,313
0,679001,4,0.1853035143769968,313
0,679001,5,0.07667731629392971,313
0,682501,1,0.11501597444089456,313
0,682501,2,0.12140575079872204,313
0,682501,3,0.134185303514377,313
0,682501,4,0.07987220447284345,313
0,682501,5,0.10862619808306709,313
0,686001,1,0.11182108626198083,313
0,686001,2,0.15335463258785942,313
0,686001,3,0.11182108626198083,313
0,686001,4,0.12460063897763578,313
0,686001,5,0.0926517571884984,313
0,689501,1,0.11501597444089456,313
0,689501,2,0.15654952076677317,313
0,689501,3,0.13738019169329074,313
0,689501,4,0.15654952076677317,313
0,689501,5,0.09904153354632587,313
0,693001,1,0.1757188498402556,313
0,693001,2,0.08945686900958466,313
0,693001,3,0.07667731629392971,313
0,693001,4,0.09904153354632587,313
0,693001,5,0.12460063897763578,313
0,696501,1,0.12140575079872204,313
0,696501,2,0.12779552715654952,313
0,696501,3,0.12460063897763578,313
0,696501,4,0.11182108626198083,313
0,696501,5,0.10862619808306709,313
0,700001,1,0.13099041533546327,313
0,700001,2,0.09904153354632587,313
0,700001,3,0.12460063897763578,313
0,700001,4,0.07028753993610223,313
0,700001,5,0.08626198083067092,313
0,703501,1,0.134185303514377,313
0,703501,2,0.07667731629392971,313
0,703501,3,0.10862619808306709,313
0,703501,4,0.12779552715654952,313
0,703501,5,0.10223642172523961,313
0,707001,1,0.11501597444089456,313
0,707001,2,0.10862619808306709,313
0,707001,3,0.11501597444089456,313
0,707001,4,0.08306709265175719,313
0,707001,5,0.10862619808306709,313
0,710501,1,0.15335463258785942,313
0,710501,2,0.12779552715654952,313
0,710501,3,0.1757188498402556,313
0,710501,4,0.09584664536741214,313
0,710501,5,0.12460063897763578,313
0,714001,1,0.1182108626198083,313
0,714001,2,0.0926517571884984,313
0,714001,3,0.10223642172523961,313
0,714001,4,0.1182108626198083,313
0,714001,5,0.13738019169329074,313
0,717501,1,0.14057507987220447,313
0,717501,2,0.0926517571884984,313
0,717501,3,0.12140575079872204,313
0,717501,4,0.16293929712460065,313
0,717501,5,0.1597444089456869,313
0,721001,1,0.10223642172523961,313
0,721001,2,0.09584664536741214,313
0,721001,3,0.07348242811501597,313
0,721001,4,0.1182108626198083,313
0,721001,5,0.12140575079872204,313
0,724501,1,0.07028753993610223,313
0,724501,2,0.10862619808306709,313
0,724501,3,0.08626198083067092,313
0,724501,4,0.07987220447284345,313
0,724501,5,0.10223642172523961,313
0,728001,1,0.10862619808306709,313
0,728001,2,0.134185303514377,313
0,728001,3,0.16293929712460065,313
0,728001,4,0.15335463258785942,313
0,728001,5,0.10543130990415335,313
0,731501,1,0.11501597444089456,313
0,731501,2,0.11501597444089456,313
0,731501,3,0.13099041533546327,313
0,731501,4,0.10862619808306709,313
0,731501,5,0.14376996805111822,313
0,735001,1,0.10862619808306709,313
0,735001,2,0.11182108626198083,313
0,735001,3,0.12460063897763578,313
0,735001,4,0.0926517571884984,313
0,735001,5,0.11501597444089456,313
0,738501,1,0.1182108626198083,313
0,738501,2,0.11501597444089456,313
0,738501,3,0.10543130990415335,313
0,738501,4,0.15335463258785942,313
0,738501,5,0.10543130990415335,313
0,742001,1,0.13099041533546327,313
0,742001,2,0.12460063897763578,313
0,742001,3,0.12779552715654952,313
0,742001,4,0.0926517571884984,313
0,742001,5,0.15335463258785942,313
0,745501,1,0.08306709265175719,313
0,745501,2,0.17891373801916932,313
0,745501,3,0.08306709265175719,313
0,745501,4,0.15654952076677317,313
0,745501,5,0.12779552715654952,313
0,749001,1,0.13099041533546327,313
0,749001,2,0.13099041533546327,313
0,749001,3,0.08945686900958466,313
0,749001,4,0.12140575079872204,313
0,749001,5,0.11182108626198083,313
0,752501,1,0.08626198083067092,313
0,752501,2,0.12140575079872204,313
0,752501,3,0.13099041533546327,313
0,752501,4,0.10543130990415335,313
0,752501,5,0.14057507987220447,313
0,756001,1,0.11501597444089456,313
0,756001,2,0.10223642172523961,313
0,756001,3,0.11182108626198083,313
0,756001,4,0.16293929712460065,313
0,756001,5,0.09584664536741214,313
0,759501,1,0.12460063897763578,313
0,759501,2,0.09584664536741214,313
0,759501,3,0.08306709265175719,313
0,759501,4,0.13099041533546327,313
0,759501,5,0.10862619808306709,313
0,763001,1,0.11182108626198083,313
0,763001,2,0.07987220447284345,313
0,763001,3,0.16613418530351437,313
0,763001,4,0.15335463258785942,313
0,763001,5,0.12460063897763578,313
0,766501,1,0.08626198083067092,313
0,766501,2,0.09584664536741214,313
0,766501,3,0.10862619808306709,313
0,766501,4,0.13099041533546327,313
0,766501,5,0.10223642172523961,313
0,770001,1,0.10543130990415335,313
0,770001,2,0.08306709265175719,313
0,770001,3,0.1182108626198083,313
0,770001,4,0.08306709265175719,313
0,770001,5,0.08626198083067092,313
0,773501,1,0.11501597444089456,313
0,773501,2,0.13738019169329074,313
0,773501,3,0.13099041533546327,313
0,773501,4,0.14696485623003194,313
0,773501,5,0.10543130990415335,313
0,777001,1,0.09904153354632587,313
0,777001,2,0.07987220447284345,313
0,777001,3,0.12779552715654952,313
0,777001,4,0.08945686900958466,313
0,777001,5,0.10543130990415335,313
0,780501,1,0.12779552715654952,313
0,780501,2,0.12140575079872204,313
0,780501,3,0.12779552715654952,313
0,780501,4,0.15335463258785942,313
0,780501,5,0.15654952076677317,313
0,784001,1,0.09904153354632587,313
0,784001,2,0.134185303514377,313
0,784001,3,0.09904153354632587,313
0,784001,4,0.08306709265175719,313
0,784001,5,0.08945686900958466,313
0,787501,1,0.14696485623003194,313
0,787501,2,0.10223642172523961,313
0,787501,3,0.1182108626198083,313
0,787501,4,0.10223642172523961,313
0,787501,5,0.07987220447284345,313
0,791001,1,0.10543130990415335,313
0,791001,2,0.07667731629392971,313
0,791001,3,0.11501597444089456,313
0,791001,4,0.09584664536741214,313
0,791001,5,0.12460063897763578,313
0,794501,1,0.09904153354632587,313
0,794501,2,0.12140575079872204,313
0,794501,3,0.12779552715654952,313
0,794501,4,0.12779552715654952,313
0,794501,5,0.10862619808306709,313
0,798001,1,0.08306709265175719,313
0,798001,2,0.11501597444089456,313
0,798001,3,0.09584664536741214,313
0,798001,4,0.09584664536741214,313
0,798001,5,0.10862619808306709,313
0,801501,1,0.11501597444089456,313
0,801501,2,0.08626198083067092,313
0,801501,3,0.10543130990415335,313
0,801501,4,0.09904153354632587,313
0,801501,5,0.134185303514377,313
0,805001,1,0.15654952076677317,313
0,805001,2,0.10543130990415335,313
0,805001,3,0.13738019169329074,313
0,805001,4,0.11501597444089456,313
0,805001,5,0.15654952076677317,313
0,808501,1,0.1597444089456869,313
0,808501,2,0.12140575079872204,313
0,808501,3,0.07348242811501597,313
0,808501,4,0.09584664536741214,313
0,808501,5,0.13099041533546327,313
0,812001,1,0.15654952076677317,313
0,812001,2,0.1182108626198083,313
0,812001,3,0.0926517571884984,313
0,812001,4,0.14057507987220447,313
0,812001,5,0.134185303514377,313
0,815501,1,0.10223642172523961,313
0,815501,2,0.10862619808306709,313
0,815501,3,0.10862619808306709,313
0,815501,4,0.134185303514377,313
0,815501,5,0.13099041533546327,313
0,819001,1,0.1182108626198083,313
0,819001,2,0.11182108626198083,313
0,819001,3,0.12460063897763578,313
0,819001,4,0.1182108626198083,313
0,819001,5,0.08626198083067092,313
0,822501,1,0.12460063897763578,313
0,822501,2,0.07667731629392971,313
0,822501,3,0.12460063897763578,313
0,822501,4,0.10223642172523961,313
0,822501,5,0.13738019169329074,313
0,826001,1,0.14696485623003194,313
0,826001,2,0.134185303514377,313
0,826001,3,0.12460063897763578,313
0,826001,4,0.1182108626198083,313
0,826001,5,0.12460063897763578,313
0,829501,1,0.14696485623003194,313
0,829501,2,0.09584664536741214,313
0,829501,3,0.10543130990415335,313
0,829501,4,0.1182108626198083,313
0,829501,5,0.1182108626198083,313
0,833001,1,0.12779552715654952,313
0,833001,2,0.12779552715654952,313
0,833001,3,0.134185303514377,313
0,833001,4,0.07987220447284345,313
0,833001,5,0.12460063897763578,313
0,836501,1,0.13738019169329074,313
0,836501,2,0.06389776357827476,313
0,836501,3,0.09904153354632587,313
0,836501,4,0.134185303514377,313
0,836501,5,0.10862619808306709,313
0,840001,1,0.12140575079872204,313
0,840001,2,0.10223642172523961,313
0,840001,3,0.07987220447284345,313
0,840001,4,0.134185303514377,313
0,840001,5,0.13099041533546327,313
0,843501,1,0.11501597444089456,313
0,843501,2,0.12140575079872204,313
0,843501,3,0.10543130990415335,313
0,843501,4,0.12779552715654952,313
0,843501,5,0.1182108626198083,313
0,847001,1,0.07667731629392971,313
0,847001,2,0.10223642172523961,313
0,847001,3,0.09584664536741214,313
0,847001,4,0.1597444089456869,313
0,847001,5,0.14696485623003194,313
0,850501,1,0.11501597444089456,313
0,850501,2,0.14057507987220447,313
0,850501,3,0.134185303514377,313
0,850501,4,0.13099041533546327,313
0,850501,5,0.1182108626198083,313
0,854001,1,0.134185303514377,313
0,854001,2,0.1182108626198083,313
0,854001,3,0.11501597444089456,313
0,854001,4,0.12140575079872204,313
0,854001,5,0.13738019169329074,313
0,857501,1,0.1182108626198083,313
0,857501,2,0.1182108626198083,313
0,857501,3,0.10862619808306709,313
0,857501,4,0.10223642172523961,313
0,857501,5,0.11501597444089456,313
0,861001,1,0.11182108626198083,313
0,861001,2,0.07667731629392971,313
0,861001,3,0.14057507987220447,313
0,861001,4,0.13099041533546327,313
0,861001,5,0.10862619808306709,313
0,864501,1,0.11182108626198083,313
0,864501,2,0.12140575079872204,313
0,864501,3,0.11182108626198083,313
0,864501,4,0.14376996805111822,313
0,864501,5,0.12140575079872204,313
0,868001,1,0.11182108626198083,313
0,868001,2,0.134185303514377,313
0,868001,3,0.10543130990415335,313
0,868001,4,0.09904153354632587,313
0,868001,5,0.1182108626198083,313
0,871501,1,0.1182108626198083,313
0,871501,2,0.134185303514377,313
0,871501,3,0.11182108626198083,313
0,871501,4,0.12460063897763578,313
0,871501,5,0.06389776357827476,313
0,875001,1,0.12140575079872204,313
0,875001,2,0.09584664536741214,313
0,875001,3,0.1501597444089457,313
0,875001,4,0.10223642172523961,313
0,875001,5,0.10543130990415335,313
0,878501,1,0.10862619808306709,313
0,878501,2,0.13099041533546327,313
0,878501,3,0.1182108626198083,313
0,878501,4,0.10223642172523961,313
0,878501,5,0.14696485623003194,313
0,882001,1,0.12140575079872204,313
0,882001,2,0.15654952076677317,313
0,882001,3,0.18210862619808307,313
0,882001,4,0.1501597444089457,313
0,882001,5,0.1501597444089457,313
0,885501,1,0.13099041533546327,313
0,885501,2,0.10223642172523961,313
0,885501,3,0.09584664536741214,313
0,885501,4,0.10862619808306709,313
0,885501,5,0.10223642172523961,313
0,889001,1,0.10862619808306709,313
0,889001,2,0.12140575079872204,313
0,889001,3,0.07028753993610223,313
0,889001,4,0.11501597444089456,313
0,889001,5,0.11501597444089456,313
0,892501,1,0.10223642172523961,313
0,892501,2,0.10543130990415335,313
0,892501,3,0.16293929712460065,313
0,892501,4,0.1501597444089457,313
0,892501,5,0.15335463258785942,313
0,896001,1,0.08626198083067092,313
0,896001,2,0.07348242811501597,313
0,896001,3,0.08626198083067092,313
0,896001,4,0.12140575079872204,313
0,896001,5,0.12140575079872204,313
0,899501,1,0.11182108626198083,313
0,899501,2,0.16613418530351437,313
0,899501,3,0.1182108626198083,313
0,899501,4,0.1182108626198083,313
0,899501,5,0.134185303514377,313
0,903001,1,0.10543130990415335,313
0,903001,2,0.10862619808306709,313
0,903001,3,0.11501597444089456,313
0,903001,4,0.11501597444089456,313
0,903001,5,0.1182108626198083,313
0,906501,1,0.10543130990415335,313
0,906501,2,0.1182108626198083,313
0,906501,3,0.1182108626198083,313
0,906501,4,0.08306709265175719,313
0,906501,5,0.13099041533546327,313
0,910001,1,0.11182108626198083,313
0,910001,2,0.11501597444089456,313
0,910001,3,0.07667731629392971,313
0,910001,4,0.134185303514377,313
0,910001,5,0.12460063897763578,313
0,913501,1,0.15654952076677317,313
0,913501,2,0.0926517571884984,313
0,913501,3,0.10223642172523961,313
0,913501,4,0.0926517571884984,313
0,913501,5,0.09904153354632587,313
0,917001,1,0.10543130990415335,313
0,917001,2,0.08945686900958466,313
0,917001,3,0.08626198083067092,313
0,917001,4,0.16613418530351437,313
0,917001,5,0.14696485623003194,313
0,920501,1,0.11182108626198083,313
0,920501,2,0.14696485623003194,313
0,920501,3,0.09904153354632587,313
0,920501,4,0.09904153354632587,313
0,920501,5,0.10223642172523961,313
0,924001,1,0.11501597444089456,313
0,924001,2,0.11182108626198083,313
0,924001,3,0.1182108626198083,313
0,924001,4,0.14696485623003194,313
0,924001,5,0.15335463258785942,313
0,927501,1,0.12460063897763578,313
0,927501,2,0.15335463258785942,313
0,927501,3,0.10862619808306709,313
0,927501,4,0.09584664536741214,313
0,927501,5,0.1501597444089457,313
0,931001,1,0.10862619808306709,313
0,931001,2,0.13738019169329074,313
0,931001,3,0.07987220447284345,313
0,931001,4,0.09904153354632587,313
0,931001,5,0.12460063897763578,313
0,934501,1,0.09584664536741214,313
0,934501,2,0.12779552715654952,313
0,934501,3,0.0926517571884984,313
0,934501,4,0.07987220447284345,313
0,934501,5,0.12779552715654952,313
0,938001,1,0.11501597444089456,313
0,938001,2,0.0926517571884984,313
0,938001,3,0.16932907348242812,313
0,938001,4,0.10223642172523961,313
0,938001,5,0.09584664536741214,313
0,941501,1,0.08945686900958466,313
0,941501,2,0.14057507987220447,313
0,941501,3,0.10543130990415335,313
0,941501,4,0.11501597444089456,313
0,941501,5,0.13738019169329074,313
0,945001,1,0.134185303514377,313
0,945001,2,0.11182108626198083,313
0,945001,3,0.12779552715654952,313
0,945001,4,0.1182108626198083,313
0,945001,5,0.1182108626198083,313
0,948501,1,0.1182108626198083,313
0,948501,2,0.09904153354632587,313
0,948501,3,0.10862619808306709,313
0,948501,4,0.0926517571884984,313
0,948501,5,0.10862619808306709,313
0,952001,1,0.12460063897763578,313
0,952001,2,0.134185303514377,313
0,952001,3,0.09584664536741214,313
0,952001,4,0.1182108626198083,313
0,952001,5,0.11182108626198083,313
0,955501,1,0.12779552715654952,313
0,955501,2,0.11182108626198083,313
0,955501,3,0.10223642172523961,313
0,955501,4,0.08945686900958466,313
0,955501,5,0.14376996805111822,313
0,959001,1,0.13738019169329074,313
0,959001,2,0.12140575079872204,313
0,959001,3,0.12140575079872204,313
0,959001,4,0.10862619808306709,313
0,959001,5,0.11501597444089456,313
0,962501,1,0.10543130990415335,313
0,962501,2,0.11501597444089456,313
0,962501,3,0.09584664536741214,313
0,962501,4,0.12779552715654952,313
0,962501,5,0.11501597444089456,313
0,966001,1,0.12779552715654952,313
0,966001,2,0.14696485623003194,313
0,966001,3,0.1182108626198083,313
0,966001,4,0.134185303514377,313
0,966001,5,0.07028753993610223,313
0,969501,1,0.14057507987220447,313
0,969501,2,0.13738019169329074,313
0,969501,3,0.09904153354632587,313
0,969501,4,0.12460063897763578,313
0,969501,5,0.12140575079872204,313
0,973001,1,0.12779552715654952,313
0,973001,2,0.09904153354632587,313
0,973001,3,0.15335463258785942,313
0,973001,4,0.08945686900958466,313
0,973001,5,0.134185303514377,313
0,976501,1,0.08626198083067092,313
0,976501,2,0.10862619808306709,313
0,976501,3,0.12779552715654952,313
0,976501,4,0.1501597444089457,313
0,976501,5,0.07987220447284345,313
0,980001,1,0.16293929712460065,313
0,980001,2,0.1182108626198083,313
0,980001,3,0.10223642172523961,313
0,980001,4,0.12140575079872204,313
0,980001,5,0.12460063897763578,313
0,983501,1,0.12140575079872204,313
0,983501,2,0.1597444089456869,313
0,983501,3,0.12140575079872204,313
0,983501,4,0.10223642172523961,313
0,983501,5,0.1182108626198083,313
0,987001,1,0.12460063897763578,313
0,987001,2,0.10862619808306709,313
0,987001,3,0.11501597444089456,313
0,987001,4,0.08626198083067092,313
0,987001,5,0.10543130990415335,313
0,990501,1,0.14057507987220447,313
0,990501,2,0.12140575079872204,313
0,990501,3,0.15654952076677317,313
0,990501,4,0.07667731629392971,313
0,990501,5,0.14696485623003194,313
0,994001,1,0.12460063897763578,313
0,994001,2,0.09584664536741214,313
0,994001,3,0.13099041533546327,313
0,994001,4,0.08945686900958466,313
0,994001,5,0.09904153354632587,313
0,997501,1,0.0926517571884984,313
0,997501,2,0.1501597444089457,313
0,997501,3,0.08626198083067092,313
0,997501,4,0.11501597444089456,313
0,997501,5,0.10543130990415335,313
1,301001,1,0.18527315914489312,421
1,301001,2,0.1995249406175772,421
1,301001,3,0.16389548693586697,421
1,301001,4,0.16389548693586697,421
1,301001,5,0.1543942992874109,421
1,304501,1,0.10688836104513064,421
1,304501,2,0.166270783847981,421
1,304501,3,0.171021377672209,421
1,304501,4,0.21852731591448932,421
1,304501,5,0.17577197149643706,421
1,308001,1,0.17577197149643706,421
1,308001,2,0.19239904988123516,421
1,308001,3,0.1876484560570071,421
1,308001,4,0.19239904988123516,421
1,308001,5,0.16389548693586697,421
1,311501,1,0.13539192399049882,421
1,311501,2,0.17814726840855108,421
1,311501,3,0.19239904988123516,421
1,311501,4,0.166270783847981,421
1,311501,5,0.19002375296912113,421
1,315001,1,0.1995249406175772,421
1,315001,2,0.16389548693586697,421
1,315001,3,0.17339667458432304,421
1,315001,4,0.20190023752969122,421
1,315001,5,0.12589073634204276,421
1,318501,1,0.19239904988123516,421
1,318501,2,0.13539192399049882,421
1,318501,3,0.1496437054631829,421
1,318501,4,0.15201900237529692,421
1,318501,5,0.14014251781472684,421
1,322001,1,0.1496437054631829,421
1,322001,2,0.2042755344418052,421
1,322001,3,0.1995249406175772,421
1,322001,4,0.13539192399049882,421
1,322001,5,0.171021377672209,421
1,325501,1,0.18527315914489312,421
1,325501,2,0.15676959619952494,421
1,325501,3,0.17577197149643706,421
1,325501,4,0.16864608076009502,421
1,325501,5,0.14014251781472684,421
1,329001,1,0.19002375296912113,421
1,329001,2,0.14726840855106887,421
1,329001,3,0.15676959619952494,421
1,329001,4,0.1543942992874109,421
1,329001,5,0.14726840855106887,421
1,332501,1,0.19002375296912113,421
1,332501,2,0.15676959619952494,421
1,332501,3,0.19477434679334918,421
1,332501,4,0.12826603325415678,421
1,332501,5,0.16864608076009502,421
1,336001,1,0.1828978622327791,421
1,336001,2,0.16389548693586697,421
1,336001,3,0.1876484560570071,421
1,336001,4,0.1377672209026128,421
1,336001,5,0.19002375296912113,421
1,339501,1,0.16152019002375298,421
1,339501,2,0.17339667458432304,421
1,339501,3,0.18052256532066507,421
1,339501,4,0.1828978622327791,421
1,339501,5,0.13064133016627077,421
1,343001,1,0.13539192399049882,421
1,343001,2,0.16389548693586697,421
1,343001,3,0.17814726840855108,421
1,343001,4,0.14726840855106887,421
1,343001,5,0.17339667458432304,421
1,346501,1,0.1828978622327791,421
1,346501,2,0.16389548693586697,421
1,346501,3,0.18527315914489312,421
1,346501,4,0.16389548693586697,421
1,346501,5,0.18052256532066507,421
1,350001,1,0.16152019002375298,421
1,350001,2,0.14014251781472684,421
1,350001,3,0.15676959619952494,421
1,350001,4,0.16152019002375298,421
1,350001,5,0.13539192399049882,421
1,353501,1,0.1377672209026128,421
1,353501,2,0.1377672209026128,421
1,353501,3,0.15676959619952494,421
1,353501,4,0.12351543942992874,421
1,353501,5,0.14489311163895488,421
1,357001,1,0.17814726840855108,421
1,357001,2,0.19714964370546317,421
1,357001,3,0.17814726840855108,421
1,357001,4,0.14251781472684086,421
1,357001,5,0.20665083135391923,421
1,360501,1,0.15201900237529692,421
1,360501,2,0.15914489311163896,421
1,360501,3,0.15676959619952494,421
1,360501,4,0.15676959619952494,421
1,360501,5,0.2042755344418052,421
1,364001,1,0.1995249406175772,421
1,364001,2,0.18527315914489312,421
1,364001,3,0.16389548693586697,421
1,364001,4,0.166270783847981,421
1,364001,5,0.17339667458432304,421
1,367501,1,0.1876484560570071,421
1,367501,2,0.1496437054631829,421
1,367501,3,0.15914489311163896,421
1,367501,4,0.21377672209026127,421
1,367501,5,0.19002375296912113,421
1,371001,1,0.20665083135391923,421
1,371001,2,0.18052256532066507,421
1,371001,3,0.1543942992874109,421
1,371001,4,0.1543942992874109,421
1,371001,5,0.15676959619952494,421
1,374501,1,0.20902612826603326,421
1,374501,2,0.12351543942992874,421
1,374501,3,0.166270783847981,421
1,374501,4,0.1496437054631829,421
1,374501,5,0.18527315914489312,421
1,378001,1,0.16389548693586697,421
1,378001,2,0.16864608076009502,421
1,378001,3,0.14726840855106887,421
1,378001,4,0.15676959619952494,421
1,378001,5,0.20665083135391923,421
1,381501,1,0.2042755344418052,421
1,381501,2,0.17339667458432304,421
1,381501,3,0.20190023752969122,421
1,381501,4,0.14726840855106887,421
1,381501,5,0.20902612826603326,421
1,385001,1,0.19477434679334918,421
1,385001,2,0.16152019002375298,421
1,385001,3,0.15676959619952494,421
1,385001,4,0.19477434679334918,421
1,385001,5,0.1496437054631829,421
1,388501,1,0.20190023752969122,421
1,388501,2,0.15201900237529692,421
1,388501,3,0.1995249406175772,421
1,388501,4,0.13539192399049882,421
1,388501,5,0.1496437054631829,421
1,392001,1,0.19477434679334918,421
1,392001,2,0.16152019002375298,421
1,392001,3,0.16389548693586697,421
1,392001,4,0.171021377672209,421
1,392001,5,0.1543942992874109,421
1,395501,1,0.17814726840855108,421
1,395501,2,0.16864608076009502,421
1,395501,3,0.1876484560570071,421
1,395501,4,0.19002375296912113,421
1,395501,5,0.21377672209026127,421
1,399001,1,0.20665083135391923,421
1,399001,2,0.17814726840855108,421
1,399001,3,0.15201900237529692,421
1,399001,4,0.19002375296912113,421
1,399001,5,0.16864608076009502,421
1,402501,1,0.19002375296912113,421
1,402501,2,0.19002375296912113,421
1,402501,3,0.17339667458432304,421
1,402501,4,0.171021377672209,421
1,402501,5,0.1876484560570071,421
1,406001,1,0.1543942992874109,421
1,406001,2,0.20902612826603326,421
1,406001,3,0.16152019002375298,421
1,406001,4,0.18052256532066507,421
1,406001,5,0.19477434679334918,421
1,409501,1,0.166270783847981,421
1,409501,2,0.171021377672209,421
1,409501,3,0.17814726840855108,421
1,409501,4,0.171021377672209,421
1,409501,5,0.17339667458432304,421
1,413001,1,0.171021377672209,421
1,413001,2,0.166270783847981,421
1,413001,3,0.15914489311163896,421
1,413001,4,0.15914489311163896,421
1,413001,5,0.14251781472684086,421
1,416501,1,0.19477434679334918,421
1,416501,2,0.171021377672209,421
1,416501,3,0.19714964370546317,421
1,416501,4,0.16864608076009502,421
1,416501,5,0.17814726840855108,421
1,420001,1,0.2042755344418052,421
1,420001,2,0.14014251781472684,421
1,420001,3,0.17814726840855108,421
1,420001,4,0.14726840855106887,421
1,420001,5,0.14489311163895488,421
1,423501,1,0.13539192399049882,421
1,423501,2,0.16389548693586697,421
1,423501,3,0.12351543942992874,421
1,423501,4,0.171021377672209,421
1,423501,5,0.17577197149643706,421
1,427001,1,0.14726840855106887,421
1,427001,2,0.19714964370546317,421
1,427001,3,0.1828978622327791,421
1,427001,4,0.15201900237529692,421
1,427001,5,0.16864608076009502,421
1,430501,1,0.166270783847981,421
1,430501,2,0.16864608076009502,421
1,430501,3,0.1876484560570071,421
1,430501,4,0.19477434679334918,421
1,430501,5,0.14014251781472684,421
1,434001,1,0.1496437054631829,421
1,434001,2,0.15676959619952494,421
1,434001,3,0.16389548693586697,421
1,434001,4,0.171021377672209,421
1,434001,5,0.22327790973871733,421
1,437501,1,0.14726840855106887,421
1,437501,2,0.21852731591448932,421
1,437501,3,0.19239904988123516,421
1,437501,4,0.24703087885985747,421
1,437501,5,0.20902612826603326,421
1,441001,1,0.16152019002375298,421
1,441001,2,0.1876484560570071,421
1,441001,3,0.12351543942992874,421
1,441001,4,0.171021377672209,421
1,441001,5,0.17577197149643706,421
1,444501,1,0.21377672209026127,421
1,444501,2,0.1377672209026128,421
1,444501,3,0.18052256532066507,421
1,444501,4,0.17577197149643706,421
1,444501,5,0.17577197149643706,421
1,448001,1,0.23040380047505937,421
1,448001,2,0.1828978622327791,421
1,448001,3,0.17577197149643706,421
1,448001,4,0.18052256532066507,421
1,448001,5,0.19714964370546317,421
1,451501,1,0.15676959619952494,421
1,451501,2,0.17814726840855108,421
1,451501,3,0.15914489311163896,421
1,451501,4,0.14251781472684086,421
1,451501,5,0.23515439429928742,421
1,455001,1,0.18052256532066507,421
1,455001,2,0.1543942992874109,421
1,455001,3,0.19477434679334918,421
1,455001,4,0.17339667458432304,421
1,455001,5,0.19239904988123516,421
1,458501,1,0.19477434679334918,421
1,458501,2,0.19477434679334918,421
1,458501,3,0.16389548693586697,421
1,458501,4,0.1496437054631829,421
1,458501,5,0.166270783847981,421
1,462001,1,0.16152019002375298,421
1,462001,2,0.17339667458432304,421
1,462001,3,0.19239904988123516,421
1,462001,4,0.15676959619952494,421
1,462001,5,0.17339667458432304,421
1,465501,1,0.16389548693586697,421
1,465501,2,0.16152019002375298,421
1,465501,3,0.2209026128266033,421
1,465501,4,0.1995249406175772,421
1,465501,5,0.1377672209026128,421
1,469001,1,0.1543942992874109,421
1,469001,2,0.17814726840855108,421
1,469001,3,0.1828978622327791,421
1,469001,4,0.171021377672209,421
1,469001,5,0.2161520190023753,421
1,472501,1,0.15676959619952494,421
1,472501,2,0.19002375296912113,421
1,472501,3,0.18527315914489312,421
1,472501,4,0.20190023752969122,421
1,472501,5,0.17577197149643706,421
1,476001,1,0.17339667458432304,421
1,476001,2,0.18527315914489312,421
1,476001,3,0.1543942992874109,421
1,476001,4,0.20902612826603326,421
1,476001,5,0.16152019002375298,421
1,479501,1,0.1876484560570071,421
1,479501,2,0.19714964370546317,421
1,479501,3,0.1828978622327791,421
1,479501,4,0.1496437054631829,421
1,479501,5,0.20190023752969122,421
1,483001,1,0.1828978622327791,421
1,483001,2,0.18527315914489312,421
1,483001,3,0.12589073634204276,421
1,483001,4,0.1496437054631829,421
1,483001,5,0.20665083135391923,421
1,486501,1,0.20665083135391923,421
1,486501,2,0.1828978622327791,421
1,486501,3,0.1543942992874109,421
1,486501,4,0.17339667458432304,421
1,486501,5,0.1876484560570071,421
1,490001,1,0.19239904988123516,421
1,490001,2,0.21140142517814728,421
1,490001,3,0.19002375296912113,421
1,490001,4,0.17577197149643706,421
1,490001,5,0.1828978622327791,421
1,493501,1,0.16864608076009502,421
1,493501,2,0.21140142517814728,421
1,493501,3,0.17577197149643706,421
1,493501,4,0.1543942992874109,421
1,493501,5,0.1876484560570071,421
1,497001,1,0.171021377672209,421
1,497001,2,0.166270783847981,421
1,497001,3,0.1876484560570071,421
1,497001,4,0.13539192399049882,421
1,497001,5,0.1496437054631829,421
1,500501,1,0.15914489311163896,421
1,500501,2,0.2209026128266033,421
1,500501,3,0.19239904988123516,421
1,500501,4,0.15676959619952494,421
1,500501,5,0.15201900237529692,421
1,504001,1,0.1543942992874109,421
1,504001,2,0.1496437054631829,421
1,504001,3,0.1876484560570071,421
1,504001,4,0.19477434679334918,421
1,504001,5,0.14489311163895488,421
1,507501,1,0.166270783847981,421
1,507501,2,0.16864608076009502,421
1,507501,3,0.14726840855106887,421
1,507501,4,0.18052256532066507,421
1,507501,5,0.16152019002375298,421
1,511001,1,0.13539192399049882,421
1,511001,2,0.17814726840855108,421
1,511001,3,0.14489311163895488,421
1,511001,4,0.17814726840855108,421
1,511001,5,0.18052256532066507,421
1,514501,1,0.15201900237529692,421
1,514501,2,0.16864608076009502,421
1,514501,3,0.17577197149643706,421
1,514501,4,0.2161520190023753,421
1,514501,5,0.15914489311163896,421
1,518001,1,0.17577197149643706,421
1,518001,2,0.166270783847981,421
1,518001,3,0.1377672209026128,421
1,518001,4,0.1828978622327791,421
1,518001,5,0.17339667458432304,421
1,521501,1,0.1995249406175772,421
1,521501,2,0.171021377672209,421
1,521501,3,0.1330166270783848,421
1,521501,4,0.15914489311163896,421
1,521501,5,0.14251781472684086,421
1,525001,1,0.14726840855106887,421
1,525001,2,0.1828978622327791,421
1,525001,3,0.18052256532066507,421
1,525001,4,0.16864608076009502,421
1,525001,5,0.15201900237529692,421
1,528501,1,0.18052256532066507,421
1,528501,2,0.16864608076009502,421
1,528501,3,0.17577197149643706,421
1,528501,4,0.2042755344418052,421
1,528501,5,0.1995249406175772,421
1,532001,1,0.18052256532066507,421
1,532001,2,0.17814726840855108,421
1,532001,3,0.1330166270783848,421
1,532001,4,0.14489311163895488,421
1,532001,5,0.17339667458432304,421
1,535501,1,0.17339667458432304,421
1,535501,2,0.16389548693586697,421
1,535501,3,0.15676959619952494,421
1,535501,4,0.14251781472684086,421
1,535501,5,0.17814726840855108,421
1,539001,1,0.14014251781472684,421
1,539001,2,0.1377672209026128,421
1,539001,3,0.2161520190023753,421
1,539001,4,0.16152019002375298,421
1,539001,5,0.171021377672209,421
1,542501,1,0.171021377672209,421
1,542501,2,0.18527315914489312,421
1,542501,3,0.12826603325415678,421
1,542501,4,0.14489311163895488,421
1,542501,5,0.16152019002375298,421
1,546001,1,0.17814726840855108,421
1,546001,2,0.17339667458432304,421
1,546001,3,0.07600950118764846,421
1,546001,4,0.19002375296912113,421
1,546001,5,0.1828978622327791,421
1,549501,1,0.20665083135391923,421
1,549501,2,0.22327790973871733,421
1,549501,3,0.16389548693586697,421
1,549501,4,0.21140142517814728,421
1,549501,5,0.16152019002375298,421
1,553001,1,0.2042755344418052,421
1,553001,2,0.16152019002375298,421
1,553001,3,0.166270783847981,421
1,553001,4,0.2161520190023753,421
1,553001,5,0.19239904988123516,421
1,556501,1,0.15201900237529692,421
1,556501,2,0.2161520190023753,421
1,556501,3,0.1876484560570071,421
1,556501,4,0.20665083135391923,421
1,556501,5,0.19714964370546317,421
1,560001,1,0.12589073634204276,421
1,560001,2,0.22327790973871733,421
1,560001,3,0.1828978622327791,421
1,560001,4,0.1496437054631829,421
1,560001,5,0.15914489311163896,421
1,563501,1,0.15914489311163896,421
1,563501,2,0.17577197149643706,421
1,563501,3,0.14251781472684086,421
1,563501,4,0.19239904988123516,421
1,563501,5,0.15201900237529692,421
1,567001,1,0.16152019002375298,421
1,567001,2,0.166270783847981,421
1,567001,3,0.17814726840855108,421
1,567001,4,0.14251781472684086,421
1,567001,5,0.20665083135391923,421
1,570501,1,0.18052256532066507,421
1,570501,2,0.1828978622327791,421
1,570501,3,0.1543942992874109,421
1,570501,4,0.16152019002375298,421
1,570501,5,0.17577197149643706,421
1,574001,1,0.15676959619952494,421
1,574001,2,0.15914489311163896,421
1,574001,3,0.17814726840855108,421
1,574001,4,0.17577197149643706,421
1,574001,5,0.17339667458432304,421
1,577501,1,0.16864608076009502,421
1,577501,2,0.15201900237529692,421
1,577501,3,0.19002375296912113,421
1,577501,4,0.2161520190023753,421
1,577501,5,0.166270783847981,421
1,581001,1,0.171021377672209,421
1,581001,2,0.12589073634204276,421
1,581001,3,0.171021377672209,421
1,581001,4,0.13064133016627077,421
1,581001,5,0.17814726840855108,421
1,584501,1,0.15914489311163896,421
1,584501,2,0.17339667458432304,421
1,584501,3,0.16152019002375298,421
1,584501,4,0.14489311163895488,421
1,584501,5,0.13064133016627077,421
1,588001,1,0.1496437054631829,421
1,588001,2,0.20190023752969122,421
1,588001,3,0.1995249406175772,421
1,588001,4,0.16864608076009502,421
1,588001,5,0.17339667458432304,421
1,591501,1,0.15914489311163896,421
1,591501,2,0.14726840855106887,421
1,591501,3,0.12351543942992874,421
1,591501,4,0.1828978622327791,421
1,591501,5,0.19239904988123516,421
1,595001,1,0.1377672209026128,421
1,595001,2,0.18052256532066507,421
1,595001,3,0.18527315914489312,421
1,595001,4,0.16389548693586697,421
1,595001,5,0.19477434679334918,421
1,598501,1,0.166270783847981,421
1,598501,2,0.20190023752969122,421
1,598501,3,0.17339667458432304,421
1,598501,4,0.21852731591448932,421
1,598501,5,0.14726840855106887,421
1,602001,1,0.17339667458432304,421
1,602001,2,0.19239904988123516,421
1,602001,3,0.1876484560570071,421
1,602001,4,0.17814726840855108,421
1,602001,5,0.13539192399049882,421
1,605501,1,0.18527315914489312,421
1,605501,2,0.1876484560570071,421
1,605501,3,0.19239904988123516,421
1,605501,4,0.2042755344418052,421
1,605501,5,0.23040380047505937,421
1,609001,1,0.18527315914489312,421
1,609001,2,0.19714964370546317,421
1,609001,3,0.15201900237529692,421
1,609001,4,0.19002375296912113,421
1,609001,5,0.15201900237529692,421
1,612501,1,0.19002375296912113,421
1,612501,2,0.16152019002375298,421
1,612501,3,0.15676959619952494,421
1,612501,4,0.2042755344418052,421
1,612501,5,0.19714964370546317,421
1,616001,1,0.15201900237529692,421
1,616001,2,0.20902612826603326,421
1,616001,3,0.15201900237529692,421
1,616001,4,0.19714964370546317,421
1,616001,5,0.20902612826603326,421
1,619501,1,0.1377672209026128,421
1,619501,2,0.17814726840855108,421
1,619501,3,0.1995249406175772,421
1,619501,4,0.14014251781472684,421
1,619501,5,0.1543942992874109,421
1,623001,1,0.17814726840855108,421
1,623001,2,0.16389548693586697,421
1,623001,3,0.1828978622327791,421
1,623001,4,0.20190023752969122,421
1,623001,5,0.2042755344418052,421
1,626501,1,0.19714964370546317,421
1,626501,2,0.1377672209026128,421
1,626501,3,0.17339667458432304,421
1,626501,4,0.1876484560570071,421
1,626501,5,0.15676959619952494,421
1,630001,1,0.18527315914489312,421
1,630001,2,0.20665083135391923,421
1,630001,3,0.17577197149643706,421
1,630001,4,0.1543942992874109,421
1,630001,5,0.14251781472684086,421
1,633501,1,0.12826603325415678,421
1,633501,2,0.17339667458432304,421
1,633501,3,0.1187648456057007,421
1,633501,4,0.171021377672209,421
1,633501,5,0.20665083135391923,421
1,637001,1,0.1543942992874109,421
1,637001,2,0.19239904988123516,421
1,637001,3,0.1330166270783848,421
1,637001,4,0.14489311163895488,421
1,637001,5,0.15676959619952494,421
1,640501,1,0.17577197149643706,421
1,640501,2,0.17339667458432304,421
1,640501,3,0.17577197149643706,421
1,640501,4,0.166270783847981,421
1,640501,5,0.1876484560570071,421
1,644001,1,0.21140142517814728,421
1,644001,2,0.15914489311163896,421
1,644001,3,0.17814726840855108,421
1,644001,4,0.1876484560570071,421
1,644001,5,0.16152019002375298,421
1,647501,1,0.18527315914489312,421
1,647501,2,0.15914489311163896,421
1,647501,3,0.15914489311163896,421
1,647501,4,0.2161520190023753,421
1,647501,5,0.18527315914489312,421
1,651001,1,0.18052256532066507,421
1,651001,2,0.1330166270783848,421
1,651001,3,0.1876484560570071,421
1,651001,4,0.17814726840855108,421
1,651001,5,0.14489311163895488,421
1,654501,1,0.1995249406175772,421
1,654501,2,0.1543942992874109,421
1,654501,3,0.1828978622327791,421
1,654501,4,0.1187648456057007,421
1,654501,5,0.16152019002375298,421
1,658001,1,0.1543942992874109,421
1,658001,2,0.18527315914489312,421
1,658001,3,0.19239904988123516,421
1,658001,4,0.18527315914489312,421
1,658001,5,0.19239904988123516,421
1,661501,1,0.16864608076009502,421
1,661501,2,0.12826603325415678,421
1,661501,3,0.17339667458432304,421
1,661501,4,0.171021377672209,421
1,661501,5,0.1543942992874109,421
1,665001,1,0.1330166270783848,421
1,665001,2,0.19002375296912113,421
1,665001,3,0.15201900237529692,421
1,665001,4,0.14726840855106887,421
1,665001,5,0.17339667458432304,421
1,668501,1,0.18052256532066507,421
1,668501,2,0.16389548693586697,421
1,668501,3,0.1543942992874109,421
1,668501,4,0.17814726840855108,421
1,668501,5,0.19477434679334918,421
1,672001,1,0.15201900237529692,421
1,672001,2,0.16389548693586697,421
1,672001,3,0.1543942992874109,421
1,672001,4,0.18527315914489312,421
1,672001,5,0.19002375296912113,421
1,675501,1,0.19002375296912113,421
1,675501,2,0.166270783847981,421
1,675501,3,0.1496437054631829,421
1,675501,4,0.2042755344418052,421
1,675501,5,0.21377672209026127,421
1,679001,1,0.1377672209026128,421
1,679001,2,0.1496437054631829,421
1,679001,3,0.19239904988123516,421
1,679001,4,0.13539192399049882,421
1,679001,5,0.20190023752969122,421
1,682501,1,0.14489311163895488,421
1,682501,2,0.166270783847981,421
1,682501,3,0.19239904988123516,421
1,682501,4,0.18052256532066507,421
1,682501,5,0.19239904988123516,421
1,686001,1,0.18527315914489312,421
1,686001,2,0.19239904988123516,421
1,686001,3,0.12351543942992874,421
1,686001,4,0.15676959619952494,421
1,686001,5,0.14489311163895488,421
1,689501,1,0.20665083135391923,421
1,689501,2,0.1377672209026128,421
1,689501,3,0.13064133016627077,421
1,689501,4,0.166270783847981,421
1,689501,5,0.15914489311163896,421
1,693001,1,0.24228028503562946,421
1,693001,2,0.20190023752969122,421
1,693001,3,0.1496437054631829,421
1,693001,4,0.15914489311163896,421
1,693001,5,0.17339667458432304,421
1,696501,1,0.23515439429928742,421
1,696501,2,0.166270783847981,421
1,696501,3,0.15201900237529692,421
1,696501,4,0.17339667458432304,421
1,696501,5,0.14251781472684086,421
1,700001,1,0.19239904988123516,421
1,700001,2,0.16389548693586697,421
1,700001,3,0.12351543942992874,421
1,700001,4,0.1543942992874109,421
1,700001,5,0.1876484560570071,421
1,703501,1,0.14726840855106887,421
1,703501,2,0.171021377672209,421
1,703501,3,0.11401425178147269,421
1,703501,4,0.1496437054631829,421
1,703501,5,0.14726840855106887,421
1,707001,1,0.14251781472684086,421
1,707001,2,0.17577197149643706,421
1,707001,3,0.19714964370546317,421
1,707001,4,0.14726840855106887,421
1,707001,5,0.1828978622327791,421
1,710501,1,0.15914489311163896,421
1,710501,2,0.13064133016627077,421
1,710501,3,0.16152019002375298,421
1,710501,4,0.19002375296912113,421
1,710501,5,0.15914489311163896,421
1,714001,1,0.171021377672209,421
1,714001,2,0.1330166270783848,421
1,714001,3,0.26365795724465557,421
1,714001,4,0.1995249406175772,421
1,714001,5,0.19239904988123516,421
1,717501,1,0.19239904988123516,421
1,717501,2,0.16152019002375298,421
1,717501,3,0.17814726840855108,421
1,717501,4,0.15914489311163896,421
1,717501,5,0.14489311163895488,421
1,721001,1,0.16389548693586697,421
1,721001,2,0.16864608076009502,421
1,721001,3,0.16864608076009502,421
1,721001,4,0.14251781472684086,421
1,721001,5,0.16389548693586697,421
1,724501,1,0.13539192399049882,421
1,724501,2,0.22327790973871733,421
1,724501,3,0.19477434679334918,421
1,724501,4,0.19714964370546317,421
1,724501,5,0.16152019002375298,421
1,728001,1,0.14489311163895488,421
1,728001,2,0.17577197149643706,421
1,728001,3,0.17814726840855108,421
1,728001,4,0.1496437054631829,421
1,728001,5,0.18527315914489312,421
1,731501,1,0.16389548693586697,421
1,731501,2,0.17339667458432304,421
1,731501,3,0.12589073634204276,421
1,731501,4,0.1876484560570071,421
1,731501,5,0.1995249406175772,421
1,735001,1,0.18527315914489312,421
1,735001,2,0.1995249406175772,421
1,735001,3,0.171021377672209,421
1,735001,4,0.16152019002375298,421
1,735001,5,0.19002375296912113,421
1,738501,1,0.18052256532066507,421
1,738501,2,0.166270783847981,421
1,738501,3,0.1543942992874109,421
1,738501,4,0.17339667458432304,421
1,738501,5,0.16389548693586697,421
1,742001,1,0.15914489311163896,421
1,742001,2,0.1543942992874109,421
1,742001,3,0.18527315914489312,421
1,742001,4,0.17814726840855108,421
1,742001,5,0.1163895486935867,421
1,745501,1,0.12114014251781473,421
1,745501,2,0.16152019002375298,421
1,745501,3,0.19477434679334918,421
1,745501,4,0.17577197149643706,421
1,745501,5,0.19477434679334918,421
1,749001,1,0.14726840855106887,421
1,749001,2,0.14251781472684086,421
1,749001,3,0.18052256532066507,421
1,749001,4,0.17814726840855108,421
1,749001,5,0.15914489311163896,421
1,752501,1,0.19477434679334918,421
1,752501,2,0.15676959619952494,421
1,752501,3,0.19239904988123516,421
1,752501,4,0.17577197149643706,421
1,752501,5,0.15914489311163896,421
1,756001,1,0.16864608076009502,421
1,756001,2,0.12826603325415678,421
1,756001,3,0.19239904988123516,421
1,756001,4,0.15676959619952494,421
1,756001,5,0.17339667458432304,421
1,759501,1,0.20665083135391923,421
1,759501,2,0.16152019002375298,421
1,759501,3,0.16389548693586697,421
1,759501,4,0.1876484560570071,421
1,759501,5,0.16389548693586697,421
1,763001,1,0.20190023752969122,421
1,763001,2,0.1496437054631829,421
1,763001,3,0.1543942992874109,421
1,763001,4,0.18052256532066507,421
1,763001,5,0.17577197149643706,421
1,766501,1,0.19477434679334918,421
1,766501,2,0.12351543942992874,421
1,766501,3,0.1995249406175772,421
1,766501,4,0.19002375296912113,421
1,766501,5,0.15676959619952494,421
1,770001,1,0.15201900237529692,421
1,770001,2,0.13539192399049882,421
1,770001,3,0.19002375296912113,421
1,770001,4,0.19239904988123516,421
1,770001,5,0.14251781472684086,421
1,773501,1,0.1543942992874109,421
1,773501,2,0.14014251781472684,421
1,773501,3,0.20902612826603326,421
1,773501,4,0.14489311163895488,421
1,773501,5,0.20665083135391923,421
1,777001,1,0.14726840855106887,421
1,777001,2,0.20190023752969122,421
1,777001,3,0.18052256532066507,421
1,777001,4,0.1543942992874109,421
1,777001,5,0.1876484560570071,421
1,780501,1,0.15676959619952494,421
1,780501,2,0.16389548693586697,421
1,780501,3,0.15676959619952494,421
1,780501,4,0.18052256532066507,421
1,780501,5,0.1330166270783848,421
1,784001,1,0.15676959619952494,421
1,784001,2,0.13539192399049882,421
1,784001,3,0.171021377672209,421
1,784001,4,0.1828978622327791,421
1,784001,5,0.21140142517814728,421
1,787501,1,0.2042755344418052,421
1,787501,2,0.19239904988123516,421
1,787501,3,0.17814726840855108,421
1,787501,4,0.1995249406175772,421
1,787501,5,0.1876484560570071,421
1,791001,1,0.17339667458432304,421
1,791001,2,0.16389548693586697,421
1,791001,3,0.15201900237529692,421
1,791001,4,0.20902612826603326,421
1,791001,5,0.14014251781472684,421
1,794501,1,0.17814726840855108,421
1,794501,2,0.18052256532066507,421
1,794501,3,0.16864608076009502,421
1,794501,4,0.15201900237529692,421
1,794501,5,0.15676959619952494,421
1,798001,1,0.19714964370546317,421
1,798001,2,0.19002375296912113,421
1,798001,3,0.23040380047505937,421
1,798001,4,0.17814726840855108,421
1,798001,5,0.1828978622327791,421
1,801501,1,0.17339667458432304,421
1,801501,2,0.20665083135391923,421
1,801501,3,0.1496437054631829,421
1,801501,4,0.14726840855106887,421
1,801501,5,0.20665083135391923,421
1,805001,1,0.10688836104513064,421
1,805001,2,0.19714964370546317,421
1,805001,3,0.15676959619952494,421
1,805001,4,0.17814726840855108,421
1,805001,5,0.19239904988123516,421
1,808501,1,0.1828978622327791,421
1,808501,2,0.13539192399049882,421
1,808501,3,0.19477434679334918,421
1,808501,4,0.20665083135391923,421
1,808501,5,0.17339667458432304,421
1,812001,1,0.12114014251781473,421
1,812001,2,0.20190023752969122,421
1,812001,3,0.17339667458432304,421
1,812001,4,0.21377672209026127,421
1,812001,5,0.171021377672209,421
1,815501,1,0.14726840855106887,421
1,815501,2,0.20665083135391923,421
1,815501,3,0.166270783847981,421
1,815501,4,0.18052256532066507,421
1,815501,5,0.13539192399049882,421
1,819001,1,0.16864608076009502,421
1,819001,2,0.17339667458432304,421
1,819001,3,0.13064133016627077,421
1,819001,4,0.15676959619952494,421
1,819001,5,0.16864608076009502,421
1,822501,1,0.15676959619952494,421
1,822501,2,0.18052256532066507,421
1,822501,3,0.19477434679334918,421
1,822501,4,0.17577197149643706,421
1,822501,5,0.13539192399049882,421
1,826001,1,0.171021377672209,421
1,826001,2,0.14014251781472684,421
1,826001,3,0.15914489311163896,421
1,826001,4,0.15914489311163896,421
1,826001,5,0.171021377672209,421
1,829501,1,0.16152019002375298,421
1,829501,2,0.15676959619952494,421
1,829501,3,0.15914489311163896,421
1,829501,4,0.14726840855106887,421
1,829501,5,0.18052256532066507,421
1,833001,1,0.1828978622327791,421
1,833001,2,0.13539192399049882,421
1,833001,3,0.14726840855106887,421
1,833001,4,0.16389548693586697,421
1,833001,5,0.19714964370546317,421
1,836501,1,0.16864608076009502,421
1,836501,2,0.17577197149643706,421
1,836501,3,0.16389548693586697,421
1,836501,4,0.13539192399049882,421
1,836501,5,0.14489311163895488,421
1,840001,1,0.2161520190023753,421
1,840001,2,0.20902612826603326,421
1,840001,3,0.1496437054631829,421
1,840001,4,0.16389548693586697,421
1,840001,5,0.16389548693586697,421
1,843501,1,0.1543942992874109,421
1,843501,2,0.16864608076009502,421
1,843501,3,0.14489311163895488,421
1,843501,4,0.16389548693586697,421
1,843501,5,0.14489311163895488,421
1,847001,1,0.1377672209026128,421
1,847001,2,0.15676959619952494,421
1,847001,3,0.15676959619952494,421
1,847001,4,0.14726840855106887,421
1,847001,5,0.21852731591448932,421
1,850501,1,0.18527315914489312,421
1,850501,2,0.17577197149643706,421
1,850501,3,0.1543942992874109,421
1,850501,4,0.1543942992874109,421
1,850501,5,0.16152019002375298,421
1,854001,1,0.15201900237529692,421
1,854001,2,0.19002375296912113,421
1,854001,3,0.18052256532066507,421
1,854001,4,0.1828978622327791,421
1,854001,5,0.14014251781472684,421
1,857501,1,0.1828978622327791,421
1,857501,2,0.166270783847981,421
1,857501,3,0.14726840855106887,421
1,857501,4,0.17814726840855108,421
1,857501,5,0.15201900237529692,421
1,861001,1,0.15201900237529692,421
1,861001,2,0.18052256532066507,421
1,861001,3,0.2209026128266033,421
1,861001,4,0.1496437054631829,421
1,861001,5,0.1995249406175772,421
1,864501,1,0.17577197149643706,421
1,864501,2,0.19477434679334918,421
1,864501,3,0.166270783847981,421
1,864501,4,0.17814726840855108,421
1,864501,5,0.18052256532066507,421
1,868001,1,0.19239904988123516,421
1,868001,2,0.17577197149643706,421
1,868001,3,0.1828978622327791,421
1,868001,4,0.19477434679334918,421
1,868001,5,0.1828978622327791,421
1,871501,1,0.1330166270783848,421
1,871501,2,0.18527315914489312,421
1,871501,3,0.1330166270783848,421
1,871501,4,0.17577197149643706,421
1,871501,5,0.2042755344418052,421
1,875001,1,0.14726840855106887,421
1,875001,2,0.17339667458432304,421
1,875001,3,0.16864608076009502,421
1,875001,4,0.2042755344418052,421
1,875001,5,0.23515439429928742,421
1,878501,1,0.18052256532066507,421
1,878501,2,0.1377672209026128,421
1,878501,3,0.19477434679334918,421
1,878501,4,0.17814726840855108,421
1,878501,5,0.17577197149643706,421
1,882001,1,0.22327790973871733,421
1,882001,2,0.15914489311163896,421
1,882001,3,0.1828978622327791,421
1,882001,4,0.17339667458432304,421
1,882001,5,0.1377672209026128,421
1,885501,1,0.1543942992874109,421
1,885501,2,0.19477434679334918,421
1,885501,3,0.17339667458432304,421
1,885501,4,0.1163895486935867,421
1,885501,5,0.1543942992874109,421
1,889001,1,0.19477434679334918,421
1,889001,2,0.2042755344418052,421
1,889001,3,0.14726840855106887,421
1,889001,4,0.19239904988123516,421
1,889001,5,0.15914489311163896,421
1,892501,1,0.1995249406175772,421
1,892501,2,0.13539192399049882,421
1,892501,3,0.171021377672209,421
1,892501,4,0.14489311163895488,421
1,892501,5,0.1496437054631829,421
1,896001,1,0.17814726840855108,421
1,896001,2,0.16864608076009502,421
1,896001,3,0.17577197149643706,421
1,896001,4,0.20902612826603326,421
1,896001,5,0.17814726840855108,421
1,899501,1,0.12826603325415678,421
1,899501,2,0.16152019002375298,421
1,899501,3,0.17339667458432304,421
1,899501,4,0.16389548693586697,421
1,899501,5,0.17339667458432304,421
1,903001,1,0.1496437054631829,421
1,903001,2,0.18527315914489312,421
1,903001,3,0.18527315914489312,421
1,903001,4,0.1828978622327791,421
1,903001,5,0.16864608076009502,421
1,906501,1,0.19714964370546317,421
1,906501,2,0.19477434679334918,421
1,906501,3,0.14726840855106887,421
1,906501,4,0.19714964370546317,421
1,906501,5,0.16864608076009502,421
1,910001,1,0.20665083135391923,421
1,910001,2,0.1876484560570071,421
1,910001,3,0.12351543942992874,421
1,910001,4,0.1543942992874109,421
1,910001,5,0.16389548693586697,421
1,913501,1,0.171021377672209,421
1,913501,2,0.19714964370546317,421
1,913501,3,0.14489311163895488,421
1,913501,4,0.20665083135391923,421
1,913501,5,0.18527315914489312,421
1,917001,1,0.1876484560570071,421
1,917001,2,0.20902612826603326,421
1,917001,3,0.166270783847981,421
1,917001,4,0.1187648456057007,421
1,917001,5,0.1828978622327791,421
1,920501,1,0.15201900237529692,421
1,920501,2,0.14489311163895488,421
1,920501,3,0.1543942992874109,421
1,920501,4,0.15914489311163896,421
1,920501,5,0.18052256532066507,421
1,924001,1,0.14489311163895488,421
1,924001,2,0.15914489311163896,421
1,924001,3,0.21140142517814728,421
1,924001,4,0.16152019002375298,421
1,924001,5,0.16389548693586697,421
1,927501,1,0.11401425178147269,421
1,927501,2,0.1828978622327791,421
1,927501,3,0.17339667458432304,421
1,927501,4,0.166270783847981,421
1,927501,5,0.19477434679334918,421
1,931001,1,0.18527315914489312,421
1,931001,2,0.17814726840855108,421
1,931001,3,0.16152019002375298,421
1,931001,4,0.1377672209026128,421
1,931001,5,0.13539192399049882,421
1,934501,1,0.14251781472684086,421
1,934501,2,0.171021377672209,421
1,934501,3,0.171021377672209,421
1,934501,4,0.1496437054631829,421
1,934501,5,0.17339667458432304,421
1,938001,1,0.13539192399049882,421
1,938001,2,0.1828978622327791,421
1,938001,3,0.1543942992874109,421
1,938001,4,0.18527315914489312,421
1,938001,5,0.21140142517814728,421
1,941501,1,0.18052256532066507,421
1,941501,2,0.15676959619952494,421
1,941501,3,0.16864608076009502,421
1,941501,4,0.20190023752969122,421
1,941501,5,0.1377672209026128,421
1,945001,1,0.1377672209026128,421
1,945001,2,0.21377672209026127,421
1,945001,3,0.17339667458432304,421
1,945001,4,0.19477434679334918,421
1,945001,5,0.16152019002375298,421
1,948501,1,0.14251781472684086,421
1,948501,2,0.17814726840855108,421
1,948501,3,0.14489311163895488,421
1,948501,4,0.19714964370546317,421
1,948501,5,0.17577197149643706,421
1,952001,1,0.14489311163895488,421
1,952001,2,0.1543942992874109,421
1,952001,3,0.14489311163895488,421
1,952001,4,0.21852731591448932,421
1,952001,5,0.18527315914489312,421
1,955501,1,0.1995249406175772,421
1,955501,2,0.14251781472684086,421
1,955501,3,0.16864608076009502,421
1,955501,4,0.19714964370546317,421
1,955501,5,0.22327790973871733,421
1,959001,1,0.14251781472684086,421
1,959001,2,0.16152019002375298,421
1,959001,3,0.16389548693586697,421
1,959001,4,0.20190023752969122,421
1,959001,5,0.1377672209026128,421
1,962501,1,0.14251781472684086,421
1,962501,2,0.18052256532066507,421
1,962501,3,0.14251781472684086,421
1,962501,4,0.18527315914489312,421
1,962501,5,0.14489311163895488,421
1,966001,1,0.171021377672209,421
1,966001,2,0.17339667458432304,421
1,966001,3,0.17577197149643706,421
1,966001,4,0.21140142517814728,421
1,966001,5,0.13539192399049882,421
1,969501,1,0.1330166270783848,421
1,969501,2,0.1330166270783848,421
1,969501,3,0.13064133016627077,421
1,969501,4,0.1995249406175772,421
1,969501,5,0.15676959619952494,421
1,973001,1,0.1995249406175772,421
1,973001,2,0.19477434679334918,421
1,973001,3,0.1543942992874109,421
1,973001,4,0.20902612826603326,421
1,973001,5,0.19477434679334918,421
1,976501,1,0.1828978622327791,421
1,976501,2,0.15676959619952494,421
1,976501,3,0.1995249406175772,421
1,976501,4,0.16389548693586697,421
1,976501,5,0.17577197149643706,421
1,980001,1,0.19477434679334918,421
1,980001,2,0.19002375296912113,421
1,980001,3,0.17814726840855108,421
1,980001,4,0.17814726840855108,421
1,980001,5,0.166270783847981,421
1,983501,1,0.19239904988123516,421
1,983501,2,0.17577197149643706,421
1,983501,3,0.19477434679334918,421
1,983501,4,0.17814726840855108,421
1,983501,5,0.171021377672209,421
1,987001,1,0.17577197149643706,421
1,987001,2,0.21140142517814728,421
1,987001,3,0.12351543942992874,421
1,987001,4,0.14489311163895488,421
1,987001,5,0.22565320665083136,421
1,990501,1,0.17339667458432304,421
1,990501,2,0.14251781472684086,421
1,990501,3,0.16152019002375298,421
1,990501,4,0.16864608076009502,421
1,990501,5,0.13064133016627077,421
1,994001,1,0.18052256532066507,421
1,994001,2,0.15914489311163896,421
1,994001,3,0.16389548693586697,421
1,994001,4,0.14489311163895488,421
1,994001,5,0.166270783847981,421
1,997501,1,0.22327790973871733,421
1,997501,2,0.16864608076009502,421
1,997501,3,0.14726840855106887,421
1,997501,4,0.1828978622327791,421
1,997501,5,0.18052256532066507,421
2,301001,1,0.1956043956043956,455
2,301001,2,0.2153846153846154,455
2,301001,3,0.2021978021978022,455
2,301001,4,0.24175824175824176,455
2,301001,5,0.2571428571428571,455
2,304501,1,0.24175824175824176,455
2,304501,2,0.2175824175824176,455
2,304501,3,0.210989010989011,455
2,304501,4,0.1912087912087912,455
2,304501,5,0.2087912087912088,455
2,308001,1,0.21978021978021978,455
2,308001,2,0.1956043956043956,455
2,308001,3,0.1912087912087912,455
2,308001,4,0.1956043956043956,455
2,308001,5,0.23076923076923078,455
2,311501,1,0.22417582417582418,455
2,311501,2,0.2571428571428571,455
2,311501,3,0.21318681318681318,455
2,311501,4,0.24175824175824176,455
2,311501,5,0.18021978021978022,455
2,315001,1,0.1934065934065934,455
2,315001,2,0.2,455
2,315001,3,0.2021978021978022,455
2,315001,4,0.22857142857142856,455
2,315001,5,0.22637362637362637,455
2,318501,1,0.1824175824175824,455
2,318501,2,0.23956043956043957,455
2,318501,3,0.23296703296703297,455
2,318501,4,0.1978021978021978,455
2,318501,5,0.23736263736263735,455
2,322001,1,0.2,455
2,322001,2,0.210989010989011,455
2,322001,3,0.1912087912087912,455
2,322001,4,0.24835164835164836,455
2,322001,5,0.21978021978021978,455
2,325501,1,0.18681318681318682,455
2,325501,2,0.1956043956043956,455
2,325501,3,0.210989010989011,455
2,325501,4,0.18681318681318682,455
2,325501,5,0.21318681318681318,455
2,329001,1,0.2153846153846154,455
2,329001,2,0.23956043956043957,455
2,329001,3,0.23736263736263735,455
2,329001,4,0.2043956043956044,455
2,329001,5,0.2549450549450549,455
2,332501,1,0.1956043956043956,455
2,332501,2,0.21318681318681318,455
2,332501,3,0.189010989010989,455
2,332501,4,0.24175824175824176,455
2,332501,5,0.22417582417582418,455
2,336001,1,0.23296703296703297,455
2,336001,2,0.210989010989011,455
2,336001,3,0.23736263736263735,455
2,336001,4,0.21318681318681318,455
2,336001,5,0.210989010989011,455
2,339501,1,0.23076923076923078,455
2,339501,2,0.23516483516483516,455
2,339501,3,0.16263736263736264,455
2,339501,4,0.21978021978021978,455
2,339501,5,0.2153846153846154,455
2,343001,1,0.22857142857142856,455
2,343001,2,0.20659340659340658,455
2,343001,3,0.2087912087912088,455
2,343001,4,0.2175824175824176,455
2,343001,5,0.17802197802197803,455
2,346501,1,0.13846153846153847,455
2,346501,2,0.22857142857142856,455
2,346501,3,0.24615384615384617,455
2,346501,4,0.21978021978021978,455
2,346501,5,0.20659340659340658,455
2,350001,1,0.1956043956043956,455
2,350001,2,0.24175824175824176,455
2,350001,3,0.1978021978021978,455
2,350001,4,0.21318681318681318,455
2,350001,5,0.21978021978021978,455
2,353501,1,0.1934065934065934,455
2,353501,2,0.23516483516483516,455
2,353501,3,0.25274725274725274,455
2,353501,4,0.22637362637362637,455
2,353501,5,0.16043956043956045,455
2,357001,1,0.21978021978021978,455
2,357001,2,0.1824175824175824,455
2,357001,3,0.2175824175824176,455
2,357001,4,0.23516483516483516,455
2,357001,5,0.189010989010989,455
2,360501,1,0.210989010989011,455
2,360501,2,0.24175824175824176,455
2,360501,3,0.24835164835164836,455
2,360501,4,0.210989010989011,455
2,360501,5,0.14285714285714285,455
2,364001,1,0.1934065934065934,455
2,364001,2,0.210989010989011,455
2,364001,3,0.23296703296703297,455
2,364001,4,0.24175824175824176,455
2,364001,5,0.24615384615384617,455
2,367501,1,0.2087912087912088,455
2,367501,2,0.23956043956043957,455
2,367501,3,0.22197802197802197,455
2,367501,4,0.17362637362637362,455
2,367501,5,0.21978021978021978,455
2,371001,1,0.16043956043956045,455
2,371001,2,0.2175824175824176,455
2,371001,3,0.23956043956043957,455
2,371001,4,0.20659340659340658,455
2,371001,5,0.2175824175824176,455
2,374501,1,0.16703296703296702,455
2,374501,2,0.24395604395604395,455
2,374501,3,0.2153846153846154,455
2,374501,4,0.22417582417582418,455
2,374501,5,0.18021978021978022,455
2,378001,1,0.22857142857142856,455
2,378001,2,0.2087912087912088,455
2,378001,3,0.23296703296703297,455
2,378001,4,0.21318681318681318,455
2,378001,5,0.17802197802197803,455
2,381501,1,0.210989010989011,455
2,381501,2,0.23296703296703297,455
2,381501,3,0.2175824175824176,455
2,381501,4,0.25054945054945055,455
2,381501,5,0.20659340659340658,455
2,385001,1,0.22857142857142856,455
2,385001,2,0.22197802197802197,455
2,385001,3,0.20659340659340658,455
2,385001,4,0.2043956043956044,455
2,385001,5,0.21318681318681318,455
2,388501,1,0.23076923076923078,455
2,388501,2,0.24835164835164836,455
2,388501,3,0.2043956043956044,455
2,388501,4,0.22857142857142856,455
2,388501,5,0.20659340659340658,455
2,392001,1,0.18681318681318682,455
2,392001,2,0.1978021978021978,455
2,392001,3,0.210989010989011,455
2,392001,4,0.21978021978021978,455
2,392001,5,0.23956043956043957,455
2,395501,1,0.22857142857142856,455
2,395501,2,0.18681318681318682,455
2,395501,3,0.14285714285714285,455
2,395501,4,0.16483516483516483,455
2,395501,5,0.2,455
2,399001,1,0.22417582417582418,455
2,399001,2,0.2087912087912088,455
2,399001,3,0.23956043956043957,455
2,399001,4,0.210989010989011,455
2,399001,5,0.18681318681318682,455
2,402501,1,0.22857142857142856,455
2,402501,2,0.1956043956043956,455
2,402501,3,0.2153846153846154,455
2,402501,4,0.2153846153846154,455
2,402501,5,0.2153846153846154,455
2,406001,1,0.2,455
2,406001,2,0.14945054945054945,455
2,406001,3,0.23076923076923078,455
2,406001,4,0.24175824175824176,455
2,406001,5,0.18461538461538463,455
2,409501,1,0.20659340659340658,455
2,409501,2,0.1956043956043956,455
2,409501,3,0.2021978021978022,455
2,409501,4,0.22637362637362637,455
2,409501,5,0.18461538461538463,455
2,413001,1,0.23516483516483516,455
2,413001,2,0.2021978021978022,455
2,413001,3,0.210989010989011,455
2,413001,4,0.22637362637362637,455
2,413001,5,0.23956043956043957,455
2,416501,1,0.22197802197802197,455
2,416501,2,0.2043956043956044,455
2,416501,3,0.16483516483516483,455
2,416501,4,0.23076923076923078,455
2,416501,5,0.1956043956043956,455
2,420001,1,0.17362637362637362,455
2,420001,2,0.22637362637362637,455
2,420001,3,0.189010989010989,455
2,420001,4,0.22417582417582418,455
2,420001,5,0.2549450549450549,455
2,423501,1,0.2153846153846154,455
2,423501,2,0.24615384615384617,455
2,423501,3,0.24175824175824176,455
2,423501,4,0.2175824175824176,455
2,423501,5,0.22197802197802197,455
2,427001,1,0.2571428571428571,455
2,427001,2,0.18021978021978022,455
2,427001,3,0.22637362637362637,455
2,427001,4,0.21978021978021978,455
2,427001,5,0.189010989010989,455
2,430501,1,0.23296703296703297,455
2,430501,2,0.18021978021978022,455
2,430501,3,0.1934065934065934,455
2,430501,4,0.189010989010989,455
2,430501,5,0.22197802197802197,455
2,434001,1,0.23296703296703297,455
2,434001,2,0.23296703296703297,455
2,434001,3,0.24395604395604395,455
2,434001,4,0.22637362637362637,455
2,434001,5,0.18681318681318682,455
2,437501,1,0.23516483516483516,455
2,437501,2,0.210989010989011,455
2,437501,3,0.1978021978021978,455
2,437501,4,0.15384615384615385,455
2,437501,5,0.18021978021978022,455
2,441001,1,0.21318681318681318,455
2,441001,2,0.17362637362637362,455
2,441001,3,0.22417582417582418,455
2,441001,4,0.23736263736263735,455
2,441001,5,0.23736263736263735,455
2,444501,1,0.13626373626373625,455
2,444501,2,0.21978021978021978,455
2,444501,3,0.22637362637362637,455
2,444501,4,0.20659340659340658,455
2,444501,5,0.21978021978021978,455
2,448001,1,0.16703296703296702,455
2,448001,2,0.15824175824175823,455
2,448001,3,0.2021978021978022,455
2,448001,4,0.18021978021978022,455
2,448001,5,0.1978021978021978,455
2,451501,1,0.25274725274725274,455
2,451501,2,0.15164835164835164,455
2,451501,3,0.17582417582417584,455
2,451501,4,0.23736263736263735,455
2,451501,5,0.18461538461538463,455
2,455001,1,0.18461538461538463,455
2,455001,2,0.25054945054945055,455
2,455001,3,0.17802197802197803,455
2,455001,4,0.18461538461538463,455
2,455001,5,0.20659340659340658,455
2,458501,1,0.23516483516483516,455
2,458501,2,0.2021978021978022,455
2,458501,3,0.24395604395604395,455
2,458501,4,0.2087912087912088,455
2,458501,5,0.21318681318681318,455
2,462001,1,0.18681318681318682,455
2,462001,2,0.21318681318681318,455
2,462001,3,0.1912087912087912,455
2,462001,4,0.22417582417582418,455
2,462001,5,0.1956043956043956,455
2,465501,1,0.1934065934065934,455
2,465501,2,0.18461538461538463,455
2,465501,3,0.1912087912087912,455
2,465501,4,0.17362637362637362,455
2,465501,5,0.2021978021978022,455
2,469001,1,0.24835164835164836,455
2,469001,2,0.21318681318681318,455
2,469001,3,0.22197802197802197,455
2,469001,4,0.22637362637362637,455
2,469001,5,0.18461538461538463,455
2,472501,1,0.21978021978021978,455
2,472501,2,0.25054945054945055,455
2,472501,3,0.189010989010989,455
2,472501,4,0.17802197802197803,455
2,472501,5,0.20659340659340658,455
2,476001,1,0.23516483516483516,455
2,476001,2,0.1978021978021978,455
2,476001,3,0.26153846153846155,455
2,476001,4,0.18681318681318682,455
2,476001,5,0.18681318681318682,455
2,479501,1,0.23736263736263735,455
2,479501,2,0.18681318681318682,455
2,479501,3,0.17582417582417584,455
2,479501,4,0.20659340659340658,455
2,479501,5,0.2175824175824176,455
2,483001,1,0.1978021978021978,455
2,483001,2,0.18681318681318682,455
2,483001,3,0.21978021978021978,455
2,483001,4,0.20659340659340658,455
2,483001,5,0.16263736263736264,455
2,486501,1,0.2175824175824176,455
2,486501,2,0.18461538461538463,455
2,486501,3,0.2021978021978022,455
2,486501,4,0.21978021978021978,455
2,486501,5,0.18461538461538463,455
2,490001,1,0.24615384615384617,455
2,490001,2,0.18021978021978022,455
2,490001,3,0.1912087912087912,455
2,490001,4,0.189010989010989,455
2,490001,5,0.2021978021978022,455
2,493501,1,0.18461538461538463,455
2,493501,2,0.17802197802197803,455
2,493501,3,0.210989010989011,455
2,493501,4,0.2153846153846154,455
2,493501,5,0.22417582417582418,455
2,497001,1,0.1978021978021978,455
2,497001,2,0.16703296703296702,455
2,497001,3,0.2087912087912088,455
2,497001,4,0.24615384615384617,455
2,497001,5,0.23736263736263735,455
2,500501,1,0.22417582417582418,455
2,500501,2,0.17582417582417584,455
2,500501,3,0.2087912087912088,455
2,500501,4,0.1934065934065934,455
2,500501,5,0.1978021978021978,455
2,504001,1,0.25934065934065936,455
2,504001,2,0.23736263736263735,455
2,504001,3,0.2021978021978022,455
2,504001,4,0.18461538461538463,455
2,504001,5,0.21318681318681318,455
2,507501,1,0.23516483516483516,455
2,507501,2,0.21978021978021978,455
2,507501,3,0.23516483516483516,455
2,507501,4,0.2043956043956044,455
2,507501,5,0.25274725274725274,455
2,511001,1,0.26373626373626374,455
2,511001,2,0.2175824175824176,455
2,511001,3,0.22637362637362637,455
2,511001,4,0.23956043956043957,455
2,511001,5,0.1912087912087912,455
2,514501,1,0.1912087912087912,455
2,514501,2,0.2043956043956044,455
2,514501,3,0.2087912087912088,455
2,514501,4,0.16483516483516483,455
2,514501,5,0.23296703296703297,455
2,518001,1,0.2021978021978022,455
2,518001,2,0.22417582417582418,455
2,518001,3,0.22857142857142856,455
2,518001,4,0.2087912087912088,455
2,518001,5,0.210989010989011,455
2,521501,1,0.17802197802197803,455
2,521501,2,0.210989010989011,455
2,521501,3,0.22857142857142856,455
2,521501,4,0.16923076923076924,455
2,521501,5,0.21318681318681318,455
2,525001,1,0.21318681318681318,455
2,525001,2,0.2,455
2,525001,3,0.210989010989011,455
2,525001,4,0.21318681318681318,455
2,525001,5,0.24835164835164836,455
2,528501,1,0.2,455
2,528501,2,0.21318681318681318,455
2,528501,3,0.23516483516483516,455
2,528501,4,0.2,455
2,528501,5,0.1978021978021978,455
2,532001,1,0.22197802197802197,455
2,532001,2,0.18461538461538463,455
2,532001,3,0.22857142857142856,455
2,532001,4,0.25934065934065936,455
2,532001,5,0.2571428571428571,455
2,535501,1,0.1912087912087912,455
2,535501,2,0.1934065934065934,455
2,535501,3,0.2043956043956044,455
2,535501,4,0.20659340659340658,455
2,535501,5,0.189010989010989,455
2,539001,1,0.23296703296703297,455
2,539001,2,0.2549450549450549,455
2,539001,3,0.2,455
2,539001,4,0.23736263736263735,455
2,539001,5,0.1978021978021978,455
2,542501,1,0.210989010989011,455
2,542501,2,0.1956043956043956,455
2,542501,3,0.23516483516483516,455
2,542501,4,0.21318681318681318,455
2,542501,5,0.24175824175824176,455
2,546001,1,0.2153846153846154,455
2,546001,2,0.1934065934065934,455
2,546001,3,0.24615384615384617,455
2,546001,4,0.1956043956043956,455
2,546001,5,0.22197802197802197,455
2,549501,1,0.1912087912087912,455
2,549501,2,0.17802197802197803,455
2,549501,3,0.22857142857142856,455
2,549501,4,0.2,455
2,549501,5,0.2043956043956044,455
2,553001,1,0.189010989010989,455
2,553001,2,0.20659340659340658,455
2,553001,3,0.23736263736263735,455
2,553001,4,0.18461538461538463,455
2,553001,5,0.1912087912087912,455
2,556501,1,0.1912087912087912,455
2,556501,2,0.2021978021978022,455
2,556501,3,0.18021978021978022,455
2,556501,4,0.16483516483516483,455
2,556501,5,0.1934065934065934,455
2,560001,1,0.22197802197802197,455
2,560001,2,0.16043956043956045,455
2,560001,3,0.1956043956043956,455
2,560001,4,0.22857142857142856,455
2,560001,5,0.1978021978021978,455
2,563501,1,0.22197802197802197,455
2,563501,2,0.2043956043956044,455
2,563501,3,0.21318681318681318,455
2,563501,4,0.2021978021978022,455
2,563501,5,0.25054945054945055,455
2,567001,1,0.21318681318681318,455
2,567001,2,0.25274725274725274,455
2,567001,3,0.2,455
2,567001,4,0.17582417582417584,455
2,567001,5,0.1824175824175824,455
2,570501,1,0.16923076923076924,455
2,570501,2,0.1978021978021978,455
2,570501,3,0.21318681318681318,455
2,570501,4,0.2153846153846154,455
2,570501,5,0.2175824175824176,455
2,574001,1,0.23076923076923078,455
2,574001,2,0.23736263736263735,455
2,574001,3,0.2043956043956044,455
2,574001,4,0.2175824175824176,455
2,574001,5,0.15164835164835164,455
2,577501,1,0.2087912087912088,455
2,577501,2,0.210989010989011,455
2,577501,3,0.21318681318681318,455
2,577501,4,0.2175824175824176,455
2,577501,5,0.23736263736263735,455
2,581001,1,0.25934065934065936,455
2,581001,2,0.2087912087912088,455
2,581001,3,0.2043956043956044,455
2,581001,4,0.25274725274725274,455
2,581001,5,0.1978021978021978,455
2,584501,1,0.2087912087912088,455
2,584501,2,0.2,455
2,584501,3,0.1912087912087912,455
2,584501,4,0.18021978021978022,455
2,584501,5,0.2549450549450549,455
2,588001,1,0.23956043956043957,455
2,588001,2,0.1978021978021978,455
2,588001,3,0.16043956043956045,455
2,588001,4,0.26373626373626374,455
2,588001,5,0.24175824175824176,455
2,591501,1,0.2043956043956044,455
2,591501,2,0.24395604395604395,455
2,591501,3,0.22197802197802197,455
2,591501,4,0.22197802197802197,455
2,591501,5,0.17582417582417584,455
2,595001,1,0.24175824175824176,455
2,595001,2,0.23296703296703297,455
2,595001,3,0.23076923076923078,455
2,595001,4,0.21318681318681318,455
2,595001,5,0.210989010989011,455
2,598501,1,0.20659340659340658,455
2,598501,2,0.1934065934065934,455
2,598501,3,0.2,455
2,598501,4,0.1934065934065934,455
2,598501,5,0.25274725274725274,455
2,602001,1,0.25274725274725274,455
2,602001,2,0.18021978021978022,455
2,602001,3,0.21318681318681318,455
2,602001,4,0.21978021978021978,455
2,602001,5,0.27472527472527475,455
2,605501,1,0.23736263736263735,455
2,605501,2,0.18021978021978022,455
2,605501,3,0.2043956043956044,455
2,605501,4,0.18021978021978022,455
2,605501,5,0.16703296703296702,455
2,609001,1,0.1978021978021978,455
2,609001,2,0.22857142857142856,455
2,609001,3,0.1956043956043956,455
2,609001,4,0.18681318681318682,455
2,609001,5,0.23516483516483516,455
2,612501,1,0.2087912087912088,455
2,612501,2,0.2,455
2,612501,3,0.22637362637362637,455
2,612501,4,0.189010989010989,455
2,612501,5,0.1934065934065934,455
2,616001,1,0.2,455
2,616001,2,0.1978021978021978,455
2,616001,3,0.2,455
2,616001,4,0.2087912087912088,455
2,616001,5,0.2087912087912088,455
2,619501,1,0.2153846153846154,455
2,619501,2,0.2,455
2,619501,3,0.210989010989011,455
2,619501,4,0.23296703296703297,455
2,619501,5,0.22637362637362637,455
2,623001,1,0.2021978021978022,455
2,623001,2,0.2087912087912088,455
2,623001,3,0.18461538461538463,455
2,623001,4,0.1934065934065934,455
2,623001,5,0.16263736263736264,455
2,626501,1,0.18681318681318682,455
2,626501,2,0.24835164835164836,455
2,626501,3,0.2043956043956044,455
2,626501,4,0.23296703296703297,455
2,626501,5,0.22637362637362637,455
2,630001,1,0.23296703296703297,455
2,630001,2,0.2175824175824176,455
2,630001,3,0.2021978021978022,455
2,630001,4,0.2043956043956044,455
2,630001,5,0.2175824175824176,455
2,633501,1,0.24395604395604395,455
2,633501,2,0.22197802197802197,455
2,633501,3,0.21978021978021978,455
2,633501,4,0.2021978021978022,455
2,633501,5,0.13626373626373625,455
2,637001,1,0.210989010989011,455
2,637001,2,0.21978021978021978,455
2,637001,3,0.15604395604395604,455
2,637001,4,0.2043956043956044,455
2,637001,5,0.22857142857142856,455
2,640501,1,0.18461538461538463,455
2,640501,2,0.23736263736263735,455
2,640501,3,0.210989010989011,455
2,640501,4,0.2087912087912088,455
2,640501,5,0.2087912087912088,455
2,644001,1,0.2153846153846154,455
2,644001,2,0.24615384615384617,455
2,644001,3,0.2087912087912088,455
2,644001,4,0.2175824175824176,455
2,644001,5,0.2087912087912088,455
2,647501,1,0.1912087912087912,455
2,647501,2,0.2021978021978022,455
2,647501,3,0.2,455
2,647501,4,0.17362637362637362,455
2,647501,5,0.2175824175824176,455
2,651001,1,0.22857142857142856,455
2,651001,2,0.22637362637362637,455
2,651001,3,0.22857142857142856,455
2,651001,4,0.17582417582417584,455
2,651001,5,0.22197802197802197,455
2,654501,1,0.1912087912087912,455
2,654501,2,0.26373626373626374,455
2,654501,3,0.2,455
2,654501,4,0.26153846153846155,455
2,654501,5,0.21318681318681318,455
2,658001,1,0.23296703296703297,455
2,658001,2,0.2175824175824176,455
2,658001,3,0.22857142857142856,455
2,658001,4,0.17142857142857143,455
2,658001,5,0.21318681318681318,455
2,661501,1,0.1912087912087912,455
2,661501,2,0.22637362637362637,455
2,661501,3,0.23736263736263735,455
2,661501,4,0.21978021978021978,455
2,661501,5,0.1934065934065934,455
2,665001,1,0.23956043956043957,455
2,665001,2,0.18681318681318682,455
2,665001,3,0.25054945054945055,455
2,665001,4,0.2153846153846154,455
2,665001,5,0.2087912087912088,455
2,668501,1,0.22637362637362637,455
2,668501,2,0.1956043956043956,455
2,668501,3,0.2153846153846154,455
2,668501,4,0.2,455
2,668501,5,0.2,455
2,672001,1,0.20659340659340658,455
2,672001,2,0.23956043956043957,455
2,672001,3,0.2153846153846154,455
2,672001,4,0.22417582417582418,455
2,672001,5,0.210989010989011,455
2,675501,1,0.1824175824175824,455
2,675501,2,0.2043956043956044,455
2,675501,3,0.24395604395604395,455
2,675501,4,0.189010989010989,455
2,675501,5,0.2153846153846154,455
2,679001,1,0.22417582417582418,455
2,679001,2,0.22197802197802197,455
2,679001,3,0.210989010989011,455
2,679001,4,0.21978021978021978,455
2,679001,5,0.21318681318681318,455
2,682501,1,0.22417582417582418,455
2,682501,2,0.23736263736263735,455
2,682501,3,0.15824175824175823,455
2,682501,4,0.24835164835164836,455
2,682501,5,0.2153846153846154,455
2,686001,1,0.21978021978021978,455
2,686001,2,0.16043956043956045,455
2,686001,3,0.22857142857142856,455
2,686001,4,0.2021978021978022,455
2,686001,5,0.25054945054945055,455
2,689501,1,0.2021978021978022,455
2,689501,2,0.2043956043956044,455
2,689501,3,0.2153846153846154,455
2,689501,4,0.1978021978021978,455
2,689501,5,0.1912087912087912,455
2,693001,1,0.12307692307692308,455
2,693001,2,0.23956043956043957,455
2,693001,3,0.21318681318681318,455
2,693001,4,0.26593406593406593,455
2,693001,5,0.2,455
2,696501,1,0.15824175824175823,455
2,696501,2,0.22197802197802197,455
2,696501,3,0.2175824175824176,455
2,696501,4,0.25274725274725274,455
2,696501,5,0.2087912087912088,455
2,700001,1,0.210989010989011,455
2,700001,2,0.2087912087912088,455
2,700001,3,0.24175824175824176,455
2,700001,4,0.24835164835164836,455
2,700001,5,0.1956043956043956,455
2,703501,1,0.22417582417582418,455
2,703501,2,0.2175824175824176,455
2,703501,3,0.21978021978021978,455
2,703501,4,0.2175824175824176,455
2,703501,5,0.1978021978021978,455
2,707001,1,0.2571428571428571,455
2,707001,2,0.1956043956043956,455
2,707001,3,0.2087912087912088,455
2,707001,4,0.18461538461538463,455
2,707001,5,0.1978021978021978,455
2,710501,1,0.1824175824175824,455
2,710501,2,0.21978021978021978,455
2,710501,3,0.189010989010989,455
2,710501,4,0.22637362637362637,455
2,710501,5,0.23076923076923078,455
2,714001,1,0.2087912087912088,455
2,714001,2,0.2175824175824176,455
2,714001,3,0.16043956043956045,455
2,714001,4,0.17802197802197803,455
2,714001,5,0.2043956043956044,455
2,717501,1,0.16923076923076924,455
2,717501,2,0.22417582417582418,455
2,717501,3,0.23296703296703297,455
2,717501,4,0.24835164835164836,455
2,717501,5,0.2043956043956044,455
2,721001,1,0.2087912087912088,455
2,721001,2,0.1956043956043956,455
2,721001,3,0.22417582417582418,455
2,721001,4,0.2175824175824176,455
2,721001,5,0.23956043956043957,455
2,724501,1,0.24395604395604395,455
2,724501,2,0.14725274725274726,455
2,724501,3,0.2153846153846154,455
2,724501,4,0.21978021978021978,455
2,724501,5,0.2043956043956044,455
2,728001,1,0.24175824175824176,455
2,728001,2,0.21318681318681318,455
2,728001,3,0.16483516483516483,455
2,728001,4,0.23296703296703297,455
2,728001,5,0.20659340659340658,455
2,731501,1,0.20659340659340658,455
2,731501,2,0.22857142857142856,455
2,731501,3,0.24395604395604395,455
2,731501,4,0.22637362637362637,455
2,731501,5,0.21318681318681318,455
2,735001,1,0.21978021978021978,455
2,735001,2,0.2087912087912088,455
2,735001,3,0.20659340659340658,455
2,735001,4,0.21318681318681318,455
2,735001,5,0.2087912087912088,455
2,738501,1,0.18021978021978022,455
2,738501,2,0.2021978021978022,455
2,738501,3,0.22637362637362637,455
2,738501,4,0.15824175824175823,455
2,738501,5,0.21318681318681318,455
2,742001,1,0.20659340659340658,455
2,742001,2,0.18681318681318682,455
2,742001,3,0.2087912087912088,455
2,742001,4,0.23296703296703297,455
2,742001,5,0.2043956043956044,455
2,745501,1,0.22637362637362637,455
2,745501,2,0.210989010989011,455
2,745501,3,0.2153846153846154,455
2,745501,4,0.17802197802197803,455
2,745501,5,0.2021978021978022,455
2,749001,1,0.210989010989011,455
2,749001,2,0.22857142857142856,455
2,749001,3,0.18021978021978022,455
2,749001,4,0.23076923076923078,455
2,749001,5,0.23516483516483516,455
2,752501,1,0.22417582417582418,455
2,752501,2,0.1934065934065934,455
2,752501,3,0.23736263736263735,455
2,752501,4,0.22197802197802197,455
2,752501,5,0.1978021978021978,455
2,756001,1,0.2175824175824176,455
2,756001,2,0.24175824175824176,455
2,756001,3,0.22197802197802197,455
2,756001,4,0.21978021978021978,455
2,756001,5,0.22197802197802197,455
2,759501,1,0.18681318681318682,455
2,759501,2,0.2,455
2,759501,3,0.24175824175824176,455
2,759501,4,0.18681318681318682,455
2,759501,5,0.21318681318681318,455
2,763001,1,0.2087912087912088,455
2,763001,2,0.2571428571428571,455
2,763001,3,0.22417582417582418,455
2,763001,4,0.1978021978021978,455
2,763001,5,0.189010989010989,455
2,766501,1,0.1978021978021978,455
2,766501,2,0.24835164835164836,455
2,766501,3,0.210989010989011,455
2,766501,4,0.21978021978021978,455
2,766501,5,0.210989010989011,455
2,770001,1,0.1956043956043956,455
2,770001,2,0.22197802197802197,455
2,770001,3,0.1956043956043956,455
2,770001,4,0.22197802197802197,455
2,770001,5,0.1978021978021978,455
2,773501,1,0.1956043956043956,455
2,773501,2,0.1978021978021978,455
2,773501,3,0.18461538461538463,455
2,773501,4,0.20659340659340658,455
2,773501,5,0.1934065934065934,455
2,777001,1,0.23956043956043957,455
2,777001,2,0.2021978021978022,455
2,777001,3,0.26153846153846155,455
2,777001,4,0.21978021978021978,455
2,777001,5,0.1824175824175824,455
2,780501,1,0.1824175824175824,455
2,780501,2,0.1912087912087912,455
2,780501,3,0.1934065934065934,455
2,780501,4,0.2043956043956044,455
2,780501,5,0.23296703296703297,455
2,784001,1,0.23296703296703297,455
2,784001,2,0.22637362637362637,455
2,784001,3,0.26373626373626374,455
2,784001,4,0.24395604395604395,455
2,784001,5,0.2153846153846154,455
2,787501,1,0.14945054945054945,455
2,787501,2,0.1912087912087912,455
2,787501,3,0.21318681318681318,455
2,787501,4,0.22637362637362637,455
2,787501,5,0.2725274725274725,455
2,791001,1,0.2043956043956044,455
2,791001,2,0.2043956043956044,455
2,791001,3,0.23076923076923078,455
2,791001,4,0.1934065934065934,455
2,791001,5,0.25054945054945055,455
2,794501,1,0.2087912087912088,455
2,794501,2,0.2,455
2,794501,3,0.2153846153846154,455
2,794501,4,0.2175824175824176,455
2,794501,5,0.2175824175824176,455
2,798001,1,0.1978021978021978,455
2,798001,2,0.21978021978021978,455
2,798001,3,0.16923076923076924,455
2,798001,4,0.23956043956043957,455
2,798001,5,0.1978021978021978,455
2,801501,1,0.22197802197802197,455
2,801501,2,0.23076923076923078,455
2,801501,3,0.22197802197802197,455
2,801501,4,0.1978021978021978,455
2,801501,5,0.16483516483516483,455
2,805001,1,0.26373626373626374,455
2,805001,2,0.1956043956043956,455
2,805001,3,0.189010989010989,455
2,805001,4,0.2175824175824176,455
2,805001,5,0.17582417582417584,455
2,808501,1,0.22417582417582418,455
2,808501,2,0.2175824175824176,455
2,808501,3,0.23516483516483516,455
2,808501,4,0.189010989010989,455
2,808501,5,0.22637362637362637,455
2,812001,1,0.23076923076923078,455
2,812001,2,0.2087912087912088,455
2,812001,3,0.22417582417582418,455
2,812001,4,0.13186813186813187,455
2,812001,5,0.210989010989011,455
2,815501,1,0.21318681318681318,455
2,815501,2,0.1956043956043956,455
2,815501,3,0.1956043956043956,455
2,815501,4,0.2021978021978022,455
2,815501,5,0.1978021978021978,455
2,819001,1,0.1934065934065934,455
2,819001,2,0.2087912087912088,455
2,819001,3,0.1912087912087912,455
2,819001,4,0.23736263736263735,455
2,819001,5,0.23076923076923078,455
2,822501,1,0.22857142857142856,455
2,822501,2,0.2021978021978022,455
2,822501,3,0.1978021978021978,455
2,822501,4,0.23296703296703297,455
2,822501,5,0.1934065934065934,455
2,826001,1,0.22637362637362637,455
2,826001,2,0.2,455
2,826001,3,0.23516483516483516,455
2,826001,4,0.2681318681318681,455
2,826001,5,0.22857142857142856,455
2,829501,1,0.189010989010989,455
2,829501,2,0.21318681318681318,455
2,829501,3,0.2549450549450549,455
2,829501,4,0.2175824175824176,455
2,829501,5,0.1956043956043956,455
2,833001,1,0.1956043956043956,455
2,833001,2,0.21978021978021978,455
2,833001,3,0.22637362637362637,455
2,833001,4,0.21978021978021978,455
2,833001,5,0.17582417582417584,455
2,836501,1,0.20659340659340658,455
2,836501,2,0.2021978021978022,455
2,836501,3,0.24835164835164836,455
2,836501,4,0.189010989010989,455
2,836501,5,0.21978021978021978,455
2,840001,1,0.16483516483516483,455
2,840001,2,0.15824175824175823,455
2,840001,3,0.23736263736263735,455
2,840001,4,0.23076923076923078,455
2,840001,5,0.210989010989011,455
2,843501,1,0.23516483516483516,455
2,843501,2,0.1824175824175824,455
2,843501,3,0.20659340659340658,455
2,843501,4,0.21978021978021978,455
2,843501,5,0.22857142857142856,455
2,847001,1,0.24615384615384617,455
2,847001,2,0.1978021978021978,455
2,847001,3,0.2175824175824176,455
2,847001,4,0.1824175824175824,455
2,847001,5,0.1978021978021978,455
2,850501,1,0.189010989010989,455
2,850501,2,0.189010989010989,455
2,850501,3,0.18021978021978022,455
2,850501,4,0.22417582417582418,455
2,850501,5,0.2021978021978022,455
2,854001,1,0.21978021978021978,455
2,854001,2,0.18461538461538463,455
2,854001,3,0.22197802197802197,455
2,854001,4,0.18021978021978022,455
2,854001,5,0.22417582417582418,455
2,857501,1,0.2043956043956044,455
2,857501,2,0.2175824175824176,455
2,857501,3,0.24395604395604395,455
2,857501,4,0.23296703296703297,455
2,857501,5,0.22637362637362637,455
2,861001,1,0.21978021978021978,455
2,861001,2,0.2,455
2,861001,3,0.13626373626373625,455
2,861001,4,0.2175824175824176,455
2,861001,5,0.24615384615384617,455
2,864501,1,0.23956043956043957,455
2,864501,2,0.1912087912087912,455
2,864501,3,0.23076923076923078,455
2,864501,4,0.24175824175824176,455
2,864501,5,0.1956043956043956,455
2,868001,1,0.18681318681318682,455
2,868001,2,0.17802197802197803,455
2,868001,3,0.25054945054945055,455
2,868001,4,0.21318681318681318,455
2,868001,5,0.24175824175824176,455
2,871501,1,0.22857142857142856,455
2,871501,2,0.20659340659340658,455
2,871501,3,0.22417582417582418,455
2,871501,4,0.1956043956043956,455
2,871501,5,0.24835164835164836,455
2,875001,1,0.1978021978021978,455
2,875001,2,0.2175824175824176,455
2,875001,3,0.24175824175824176,455
2,875001,4,0.1934065934065934,455
2,875001,5,0.18461538461538463,455
2,878501,1,0.2153846153846154,455
2,878501,2,0.22197802197802197,455
2,878501,3,0.2175824175824176,455
2,878501,4,0.23076923076923078,455
2,878501,5,0.25054945054945055,455
2,882001,1,0.18021978021978022,455
2,882001,2,0.22637362637362637,455
2,882001,3,0.13186813186813187,455
2,882001,4,0.2153846153846154,455
2,882001,5,0.1934065934065934,455
2,885501,1,0.22197802197802197,455
2,885501,2,0.16923076923076924,455
2,885501,3,0.2021978021978022,455
2,885501,4,0.24175824175824176,455
2,885501,5,0.2,455
2,889001,1,0.1912087912087912,455
2,889001,2,0.2087912087912088,455
2,889001,3,0.2021978021978022,455
2,889001,4,0.1956043956043956,455
2,889001,5,0.21978021978021978,455
2,892501,1,0.17582417582417584,455
2,892501,2,0.24835164835164836,455
2,892501,3,0.18681318681318682,455
2,892501,4,0.22417582417582418,455
2,892501,5,0.2175824175824176,455
2,896001,1,0.21978021978021978,455
2,896001,2,0.22197802197802197,455
2,896001,3,0.1934065934065934,455
2,896001,4,0.16043956043956045,455
2,896001,5,0.2175824175824176,455
2,899501,1,0.2549450549450549,455
2,899501,2,0.15824175824175823,455
2,899501,3,0.1956043956043956,455
2,899501,4,0.2087912087912088,455
2,899501,5,0.24615384615384617,455
2,903001,1,0.21978021978021978,455
2,903001,2,0.2087912087912088,455
2,903001,3,0.20659340659340658,455
2,903001,4,0.210989010989011,455
2,903001,5,0.23516483516483516,455
2,906501,1,0.1978021978021978,455
2,906501,2,0.15164835164835164,455
2,906501,3,0.2549450549450549,455
2,906501,4,0.21318681318681318,455
2,906501,5,0.18461538461538463,455
2,910001,1,0.2087912087912088,455
2,910001,2,0.24175824175824176,455
2,910001,3,0.24835164835164836,455
2,910001,4,0.21978021978021978,455
2,910001,5,0.22637362637362637,455
2,913501,1,0.2175824175824176,455
2,913501,2,0.22637362637362637,455
2,913501,3,0.2153846153846154,455
2,913501,4,0.18681318681318682,455
2,913501,5,0.1912087912087912,455
2,917001,1,0.22637362637362637,455
2,917001,2,0.2021978021978022,455
2,917001,3,0.1934065934065934,455
2,917001,4,0.23736263736263735,455
2,917001,5,0.16483516483516483,455
2,920501,1,0.23736263736263735,455
2,920501,2,0.2153846153846154,455
2,920501,3,0.2087912087912088,455
2,920501,4,0.2153846153846154,455
2,920501,5,0.1934065934065934,455
2,924001,1,0.23956043956043957,455
2,924001,2,0.1978021978021978,455
2,924001,3,0.16483516483516483,455
2,924001,4,0.18681318681318682,455
2,924001,5,0.21978021978021978,455
2,927501,1,0.25274725274725274,455
2,927501,2,0.189010989010989,455
2,927501,3,0.2153846153846154,455
2,927501,4,0.22417582417582418,455
2,927501,5,0.16043956043956045,455
2,931001,1,0.1978021978021978,455
2,931001,2,0.2043956043956044,455
2,931001,3,0.24835164835164836,455
2,931001,4,0.1956043956043956,455
2,931001,5,0.210989010989011,455
2,934501,1,0.2725274725274725,455
2,934501,2,0.24175824175824176,455
2,934501,3,0.23076923076923078,455
2,934501,4,0.25274725274725274,455
2,934501,5,0.189010989010989,455
2,938001,1,0.22857142857142856,455
2,938001,2,0.1824175824175824,455
2,938001,3,0.2043956043956044,455
2,938001,4,0.1912087912087912,455
2,938001,5,0.18021978021978022,455
2,941501,1,0.16923076923076924,455
2,941501,2,0.22637362637362637,455
2,941501,3,0.1956043956043956,455
2,941501,4,0.210989010989011,455
2,941501,5,0.2043956043956044,455
2,945001,1,0.23076923076923078,455
2,945001,2,0.2043956043956044,455
2,945001,3,0.2087912087912088,455
2,945001,4,0.2153846153846154,455
2,945001,5,0.22417582417582418,455
2,948501,1,0.24835164835164836,455
2,948501,2,0.1824175824175824,455
2,948501,3,0.23076923076923078,455
2,948501,4,0.18021978021978022,455
2,948501,5,0.21318681318681318,455
2,952001,1,0.23296703296703297,455
2,952001,2,0.17362637362637362,455
2,952001,3,0.2,455
2,952001,4,0.2021978021978022,455
2,952001,5,0.16043956043956045,455
2,955501,1,0.2021978021978022,455
2,955501,2,0.21318681318681318,455
2,955501,3,0.17142857142857143,455
2,955501,4,0.17802197802197803,455
2,955501,5,0.14945054945054945,455
2,959001,1,0.24615384615384617,455
2,959001,2,0.23516483516483516,455
2,959001,3,0.23516483516483516,455
2,959001,4,0.1934065934065934,455
2,959001,5,0.23956043956043957,455
2,962501,1,0.2703296703296703,455
2,962501,2,0.17142857142857143,455
2,962501,3,0.25054945054945055,455
2,962501,4,0.18681318681318682,455
2,962501,5,0.23736263736263735,455
2,966001,1,0.2,455
2,966001,2,0.17802197802197803,455
2,966001,3,0.2087912087912088,455
2,966001,4,0.17802197802197803,455
2,966001,5,0.23956043956043957,455
2,969501,1,0.24615384615384617,455
2,969501,2,0.22197802197802197,455
2,969501,3,0.23516483516483516,455
2,969501,4,0.189010989010989,455
2,969501,5,0.2153846153846154,455
2,973001,1,0.15824175824175823,455
2,973001,2,0.24615384615384617,455
2,973001,3,0.22637362637362637,455
2,973001,4,0.189010989010989,455
2,973001,5,0.1824175824175824,455
2,976501,1,0.2175824175824176,455
2,976501,2,0.23076923076923078,455
2,976501,3,0.18461538461538463,455
2,976501,4,0.22197802197802197,455
2,976501,5,0.23076923076923078,455
2,980001,1,0.1934065934065934,455
2,980001,2,0.23516483516483516,455
2,980001,3,0.23956043956043957,455
2,980001,4,0.18021978021978022,455
2,980001,5,0.18461538461538463,455
2,983501,1,0.18461538461538463,455
2,983501,2,0.210989010989011,455
2,983501,3,0.15824175824175823,455
2,983501,4,0.2043956043956044,455
2,983501,5,0.2021978021978022,455
2,987001,1,0.22857142857142856,455
2,987001,2,0.17142857142857143,455
2,987001,3,0.22637362637362637,455
2,987001,4,0.1912087912087912,455
2,987001,5,0.16263736263736264,455
2,990501,1,0.21978021978021978,455
2,990501,2,0.23076923076923078,455
2,990501,3,0.17582417582417584,455
2,990501,4,0.21318681318681318,455
2,990501,5,0.23516483516483516,455
2,994001,1,0.20659340659340658,455
2,994001,2,0.23736263736263735,455
2,994001,3,0.22197802197802197,455
2,994001,4,0.23296703296703297,455
2,994001,5,0.1978021978021978,455
2,997501,1,0.1978021978021978,455
2,997501,2,0.22637362637362637,455
2,997501,3,0.210989010989011,455
2,997501,4,0.23956043956043957,455
2,997501,5,0.1934065934065934,455
3,301001,1,0.22302158273381295,417
3,301001,2,0.1750599520383693,417
3,301001,3,0.2422062350119904,417
3,301001,4,0.2182254196642686,417
3,301001,5,0.2014388489208633,417
3,304501,1,0.22302158273381295,417
3,304501,2,0.26618705035971224,417
3,304501,3,0.2158273381294964,417
3,304501,4,0.21342925659472423,417
3,304501,5,0.20863309352517986,417
3,308001,1,0.2182254196642686,417
3,308001,2,0.21103117505995203,417
3,308001,3,0.19424460431654678,417
3,308001,4,0.2182254196642686,417
3,308001,5,0.2038369304556355,417
3,311501,1,0.19904076738609114,417
3,311501,2,0.1606714628297362,417
3,311501,3,0.2685851318944844,417
3,311501,4,0.17985611510791366,417
3,311501,5,0.16546762589928057,417
3,315001,1,0.1750599520383693,417
3,315001,2,0.21103117505995203,417
3,315001,3,0.18705035971223022,417
3,315001,4,0.18465227817745802,417
3,315001,5,0.17266187050359713,417
3,318501,1,0.19904076738609114,417
3,318501,2,0.2158273381294964,417
3,318501,3,0.2589928057553957,417
3,318501,4,0.2637889688249401,417
3,318501,5,0.20863309352517986,417
3,322001,1,0.2014388489208633,417
3,322001,2,0.20623501199040767,417
3,322001,3,0.22062350119904076,417
3,322001,4,0.23261390887290168,417
3,322001,5,0.19904076738609114,417
3,325501,1,0.2158273381294964,417
3,325501,2,0.22302158273381295,417
3,325501,3,0.20863309352517986,417
3,325501,4,0.2038369304556355,417
3,325501,5,0.2302158273381295,417
3,329001,1,0.19664268585131894,417
3,329001,2,0.2038369304556355,417
3,329001,3,0.1774580335731415,417
3,329001,4,0.22062350119904076,417
3,329001,5,0.22062350119904076,417
3,332501,1,0.23741007194244604,417
3,332501,2,0.18944844124700239,417
3,332501,3,0.20863309352517986,417
3,332501,4,0.22541966426858512,417
3,332501,5,0.2278177458033573,417
3,336001,1,0.2014388489208633,417
3,336001,2,0.2422062350119904,417
3,336001,3,0.18705035971223022,417
3,336001,4,0.2278177458033573,417
3,336001,5,0.2278177458033573,417
3,339501,1,0.18225419664268586,417
3,339501,2,0.23261390887290168,417
3,339501,3,0.22062350119904076,417
3,339501,4,0.20623501199040767,417
3,339501,5,0.19904076738609114,417
3,343001,1,0.18705035971223022,417
3,343001,2,0.23501199040767387,417
3,343001,3,0.18705035971223022,417
3,343001,4,0.23980815347721823,417
3,343001,5,0.21342925659472423,417
3,346501,1,0.21103117505995203,417
3,346501,2,0.19664268585131894,417
3,346501,3,0.16546762589928057,417
3,346501,4,0.22541966426858512,417
3,346501,5,0.22062350119904076,417
3,350001,1,0.20623501199040767,417
3,350001,2,0.2158273381294964,417
3,350001,3,0.22541966426858512,417
3,350001,4,0.2158273381294964,417
3,350001,5,0.23980815347721823,417
3,353501,1,0.23980815347721823,417
3,353501,2,0.21342925659472423,417
3,353501,3,0.2182254196642686,417
3,353501,4,0.2637889688249401,417
3,353501,5,0.2517985611510791,417
3,357001,1,0.2158273381294964,417
3,357001,2,0.2182254196642686,417
3,357001,3,0.18465227817745802,417
3,357001,4,0.2158273381294964,417
3,357001,5,0.1750599520383693,417
3,360501,1,0.22541966426858512,417
3,360501,2,0.1630695443645084,417
3,360501,3,0.2302158273381295,417
3,360501,4,0.20623501199040767,417
3,360501,5,0.26139088729016785,417
3,364001,1,0.19664268585131894,417
3,364001,2,0.18944844124700239,417
3,364001,3,0.21342925659472423,417
3,364001,4,0.2302158273381295,417
3,364001,5,0.19424460431654678,417
3,367501,1,0.18705035971223022,417
3,367501,2,0.21342925659472423,417
3,367501,3,0.2014388489208633,417
3,367501,4,0.19664268585131894,417
3,367501,5,0.20623501199040767,417
3,371001,1,0.2541966426858513,417
3,371001,2,0.20623501199040767,417
3,371001,3,0.18944844124700239,417
3,371001,4,0.20623501199040767,417
3,371001,5,0.22302158273381295,417
3,374501,1,0.2158273381294964,417
3,374501,2,0.16786570743405277,417
3,374501,3,0.1630695443645084,417
3,374501,4,0.20863309352517986,417
3,374501,5,0.23980815347721823,417
3,378001,1,0.24940047961630696,417
3,378001,2,0.2158273381294964,417
3,378001,3,0.20863309352517986,417
3,378001,4,0.22302158273381295,417
3,378001,5,0.22541966426858512,417
3,381501,1,0.21103117505995203,417
3,381501,2,0.20623501199040767,417
3,381501,3,0.1774580335731415,417
3,381501,4,0.20863309352517986,417
3,381501,5,0.19184652278177458,417
3,385001,1,0.21103117505995203,417
3,385001,2,0.2278177458033573,417
3,385001,3,0.20863309352517986,417
3,385001,4,0.2014388489208633,417
3,385001,5,0.19904076738609114,417
3,388501,1,0.19424460431654678,417
3,388501,2,0.2446043165467626,417
3,388501,3,0.22541966426858512,417
3,388501,4,0.26139088729016785,417
3,388501,5,0.20623501199040767,417
3,392001,1,0.22302158273381295,417
3,392001,2,0.17985611510791366,417
3,392001,3,0.19904076738609114,417
3,392001,4,0.22302158273381295,417
3,392001,5,0.2446043165467626,417
3,395501,1,0.2158273381294964,417
3,395501,2,0.21342925659472423,417
3,395501,3,0.2038369304556355,417
3,395501,4,0.2302158273381295,417
3,395501,5,0.21103117505995203,417
3,399001,1,0.2517985611510791,417
3,399001,2,0.19664268585131894,417
3,399001,3,0.18944844124700239,417
3,399001,4,0.2517985611510791,417
3,399001,5,0.1750599520383693,417
3,402501,1,0.2014388489208633,417
3,402501,2,0.18465227817745802,417
3,402501,3,0.18705035971223022,417
3,402501,4,0.22062350119904076,417
3,402501,5,0.18705035971223022,417
3,406001,1,0.18465227817745802,417
3,406001,2,0.23501199040767387,417
3,406001,3,0.17985611510791366,417
3,406001,4,0.18225419664268586,417
3,406001,5,0.21342925659472423,417
3,409501,1,0.17985611510791366,417
3,409501,2,0.21342925659472423,417
3,409501,3,0.19424460431654678,417
3,409501,4,0.2014388489208633,417
3,409501,5,0.20863309352517986,417
3,413001,1,0.2446043165467626,417
3,413001,2,0.20623501199040767,417
3,413001,3,0.21103117505995203,417
3,413001,4,0.2517985611510791,417
3,413001,5,0.21103117505995203,417
3,416501,1,0.18705035971223022,417
3,416501,2,0.19184652278177458,417
3,416501,3,0.2182254196642686,417
3,416501,4,0.2014388489208633,417
3,416501,5,0.24940047961630696,417
3,420001,1,0.23501199040767387,417
3,420001,2,0.22302158273381295,417
3,420001,3,0.20623501199040767,417
3,420001,4,0.2158273381294964,417
3,420001,5,0.1750599520383693,417
3,423501,1,0.22541966426858512,417
3,423501,2,0.1486810551558753,417
3,423501,3,0.19904076738609114,417
3,423501,4,0.2038369304556355,417
3,423501,5,0.21342925659472423,417
3,427001,1,0.1750599520383693,417
3,427001,2,0.2541966426858513,417
3,427001,3,0.2278177458033573,417
3,427001,4,0.20863309352517986,417
3,427001,5,0.22302158273381295,417
3,430501,1,0.20863309352517986,417
3,430501,2,0.2637889688249401,417
3,430501,3,0.18705035971223022,417
3,430501,4,0.18225419664268586,417
3,430501,5,0.2805755395683453,417
3,434001,1,0.23501199040767387,417
3,434001,2,0.2038369304556355,417
3,434001,3,0.21342925659472423,417
3,434001,4,0.22541966426858512,417
3,434001,5,0.2182254196642686,417
3,437501,1,0.19184652278177458,417
3,437501,2,0.21342925659472423,417
3,437501,3,0.21103117505995203,417
3,437501,4,0.20623501199040767,417
3,437501,5,0.22302158273381295,417
3,441001,1,0.22062350119904076,417
3,441001,2,0.23501199040767387,417
3,441001,3,0.2302158273381295,417
3,441001,4,0.19904076738609114,417
3,441001,5,0.20863309352517986,417
3,444501,1,0.23261390887290168,417
3,444501,2,0.1774580335731415,417
3,444501,3,0.19904076738609114,417
3,444501,4,0.2158273381294964,417
3,444501,5,0.2182254196642686,417
3,448001,1,0.2517985611510791,417
3,448001,2,0.19904076738609114,417
3,448001,3,0.2158273381294964,417
3,448001,4,0.18225419664268586,417
3,448001,5,0.23741007194244604,417
3,451501,1,0.2038369304556355,417
3,451501,2,0.2158273381294964,417
3,451501,3,0.20623501199040767,417
3,451501,4,0.19904076738609114,417
3,451501,5,0.2278177458033573,417
3,455001,1,0.17266187050359713,417
3,455001,2,0.22541966426858512,417
3,455001,3,0.21103117505995203,417
3,455001,4,0.22062350119904076,417
3,455001,5,0.18465227817745802,417
3,458501,1,0.19184652278177458,417
3,458501,2,0.23741007194244604,417
3,458501,3,0.2014388489208633,417
3,458501,4,0.2014388489208633,417
3,458501,5,0.26139088729016785,417
3,462001,1,0.22541966426858512,417
3,462001,2,0.17985611510791366,417
3,462001,3,0.20863309352517986,417
3,462001,4,0.23501199040767387,417
3,462001,5,0.23501199040767387,417
3,465501,1,0.2182254196642686,417
3,465501,2,0.2565947242206235,417
3,465501,3,0.2038369304556355,417
3,465501,4,0.23501199040767387,417
3,465501,5,0.19664268585131894,417
3,469001,1,0.1774580335731415,417
3,469001,2,0.20623501199040767,417
3,469001,3,0.21342925659472423,417
3,469001,4,0.21103117505995203,417
3,469001,5,0.15827338129496402,417
3,472501,1,0.22541966426858512,417
3,472501,2,0.22302158273381295,417
3,472501,3,0.23261390887290168,417
3,472501,4,0.20863309352517986,417
3,472501,5,0.18465227817745802,417
3,476001,1,0.17266187050359713,417
3,476001,2,0.23980815347721823,417
3,476001,3,0.17985611510791366,417
3,476001,4,0.22541966426858512,417
3,476001,5,0.23501199040767387,417
3,479501,1,0.17985611510791366,417
3,479501,2,0.21103117505995203,417
3,479501,3,0.23741007194244604,417
3,479501,4,0.23980815347721823,417
3,479501,5,0.19664268585131894,417
3,483001,1,0.21342925659472423,417
3,483001,2,0.18944844124700239,417
3,483001,3,0.16546762589928057,417
3,483001,4,0.2422062350119904,417
3,483001,5,0.18944844124700239,417
3,486501,1,0.22541966426858512,417
3,486501,2,0.2038369304556355,417
3,486501,3,0.19904076738609114,417
3,486501,4,0.2422062350119904,417
3,486501,5,0.23501199040767387,417
3,490001,1,0.16786570743405277,417
3,490001,2,0.26618705035971224,417
3,490001,3,0.2517985611510791,417
3,490001,4,0.24940047961630696,417
3,490001,5,0.2158273381294964,417
3,493501,1,0.2158273381294964,417
3,493501,2,0.21342925659472423,417
3,493501,3,0.23741007194244604,417
3,493501,4,0.18465227817745802,417
3,493501,5,0.23261390887290168,417
3,497001,1,0.18705035971223022,417
3,497001,2,0.2278177458033573,417
3,497001,3,0.19664268585131894,417
3,497001,4,0.22541966426858512,417
3,497001,5,0.2158273381294964,417
3,500501,1,0.2158273381294964,417
3,500501,2,0.22062350119904076,417
3,500501,3,0.1750599520383693,417
3,500501,4,0.2422062350119904,417
3,500501,5,0.26139088729016785,417
3,504001,1,0.17985611510791366,417
3,504001,2,0.2182254196642686,417
3,504001,3,0.19184652278177458,417
3,504001,4,0.20623501199040767,417
3,504001,5,0.21103117505995203,417
3,507501,1,0.23501199040767387,417
3,507501,2,0.19184652278177458,417
3,507501,3,0.19424460431654678,417
3,507501,4,0.18225419664268586,417
3,507501,5,0.2182254196642686,417
3,511001,1,0.2158273381294964,417
3,511001,2,0.21103117505995203,417
3,511001,3,0.2014388489208633,417
3,511001,4,0.23501199040767387,417
3,511001,5,0.22062350119904076,417
3,514501,1,0.2158273381294964,417
3,514501,2,0.2038369304556355,417
3,514501,3,0.19424460431654678,417
3,514501,4,0.2182254196642686,417
3,514501,5,0.23741007194244604,417
3,518001,1,0.2182254196642686,417
3,518001,2,0.20863309352517986,417
3,518001,3,0.2014388489208633,417
3,518001,4,0.15587529976019185,417
3,518001,5,0.2422062350119904,417
3,521501,1,0.22062350119904076,417
3,521501,2,0.2038369304556355,417
3,521501,3,0.22302158273381295,417
3,521501,4,0.2038369304556355,417
3,521501,5,0.2422062350119904,417
3,525001,1,0.2278177458033573,417
3,525001,2,0.2038369304556355,417
3,525001,3,0.2446043165467626,417
3,525001,4,0.22541966426858512,417
3,525001,5,0.20623501199040767,417
3,528501,1,0.1750599520383693,417
3,528501,2,0.22541966426858512,417
3,528501,3,0.2038369304556355,417
3,528501,4,0.2038369304556355,417
3,528501,5,0.19904076738609114,417
3,532001,1,0.23741007194244604,417
3,532001,2,0.24700239808153476,417
3,532001,3,0.2302158273381295,417
3,532001,4,0.2278177458033573,417
3,532001,5,0.18225419664268586,417
3,535501,1,0.22541966426858512,417
3,535501,2,0.22302158273381295,417
3,535501,3,0.22541966426858512,417
3,535501,4,0.22302158273381295,417
3,535501,5,0.16786570743405277,417
3,539001,1,0.22302158273381295,417
3,539001,2,0.2278177458033573,417
3,539001,3,0.18944844124700239,417
3,539001,4,0.23261390887290168,417
3,539001,5,0.19424460431654678,417
3,542501,1,0.2038369304556355,417
3,542501,2,0.2446043165467626,417
3,542501,3,0.21103117505995203,417
3,542501,4,0.20623501199040767,417
3,542501,5,0.17266187050359713,417
3,546001,1,0.19184652278177458,417
3,546001,2,0.16546762589928057,417
3,546001,3,0.21342925659472423,417
3,546001,4,0.2278177458033573,417
3,546001,5,0.20623501199040767,417
3,549501,1,0.18465227817745802,417
3,549501,2,0.18465227817745802,417
3,549501,3,0.2014388489208633,417
3,549501,4,0.21342925659472423,417
3,549501,5,0.20863309352517986,417
3,553001,1,0.2038369304556355,417
3,553001,2,0.2422062350119904,417
3,553001,3,0.17985611510791366,417
3,553001,4,0.2014388489208633,417
3,553001,5,0.20623501199040767,417
3,556501,1,0.21103117505995203,417
3,556501,2,0.19424460431654678,417
3,556501,3,0.23501199040767387,417
3,556501,4,0.18944844124700239,417
3,556501,5,0.22062350119904076,417
3,560001,1,0.2517985611510791,417
3,560001,2,0.2014388489208633,417
3,560001,3,0.22302158273381295,417
3,560001,4,0.16786570743405277,417
3,560001,5,0.2446043165467626,417
3,563501,1,0.2182254196642686,417
3,563501,2,0.17985611510791366,417
3,563501,3,0.22541966426858512,417
3,563501,4,0.2014388489208633,417
3,563501,5,0.21342925659472423,417
3,567001,1,0.19424460431654678,417
3,567001,2,0.19664268585131894,417
3,567001,3,0.2158273381294964,417
3,567001,4,0.23501199040767387,417
3,567001,5,0.2422062350119904,417
3,570501,1,0.2302158273381295,417
3,570501,2,0.18705035971223022,417
3,570501,3,0.2182254196642686,417
3,570501,4,0.2278177458033573,417
3,570501,5,0.21103117505995203,417
3,574001,1,0.19424460431654678,417
3,574001,2,0.19664268585131894,417
3,574001,3,0.19664268585131894,417
3,574001,4,0.2182254196642686,417
3,574001,5,0.2637889688249401,417
3,577501,1,0.22541966426858512,417
3,577501,2,0.19904076738609114,417
3,577501,3,0.20623501199040767,417
3,577501,4,0.21103117505995203,417
3,577501,5,0.2565947242206235,417
3,581001,1,0.17026378896882494,417
3,581001,2,0.1774580335731415,417
3,581001,3,0.22302158273381295,417
3,581001,4,0.23261390887290168,417
3,581001,5,0.21103117505995203,417
3,584501,1,0.21103117505995203,417
3,584501,2,0.19184652278177458,417
3,584501,3,0.26618705035971224,417
3,584501,4,0.19664268585131894,417
3,584501,5,0.23741007194244604,417
3,588001,1,0.20863309352517986,417
3,588001,2,0.19424460431654678,417
3,588001,3,0.2038369304556355,417
3,588001,4,0.2182254196642686,417
3,588001,5,0.21342925659472423,417
3,591501,1,0.2302158273381295,417
3,591501,2,0.18944844124700239,417
3,591501,3,0.22541966426858512,417
3,591501,4,0.2182254196642686,417
3,591501,5,0.23741007194244604,417
3,595001,1,0.2158273381294964,417
3,595001,2,0.17026378896882494,417
3,595001,3,0.17985611510791366,417
3,595001,4,0.21103117505995203,417
3,595001,5,0.17985611510791366,417
3,598501,1,0.1606714628297362,417
3,598501,2,0.19424460431654678,417
3,598501,3,0.23741007194244604,417
3,598501,4,0.23980815347721823,417
3,598501,5,0.19664268585131894,417
3,602001,1,0.22302158273381295,417
3,602001,2,0.21103117505995203,417
3,602001,3,0.19904076738609114,417
3,602001,4,0.19904076738609114,417
3,602001,5,0.2302158273381295,417
3,605501,1,0.17985611510791366,417
3,605501,2,0.2014388489208633,417
3,605501,3,0.2038369304556355,417
3,605501,4,0.23741007194244604,417
3,605501,5,0.2038369304556355,417
3,609001,1,0.2517985611510791,417
3,609001,2,0.18944844124700239,417
3,609001,3,0.2182254196642686,417
3,609001,4,0.21342925659472423,417
3,609001,5,0.2158273381294964,417
3,612501,1,0.21342925659472423,417
3,612501,2,0.23261390887290168,417
3,612501,3,0.19184652278177458,417
3,612501,4,0.2014388489208633,417
3,612501,5,0.19184652278177458,417
3,616001,1,0.21103117505995203,417
3,616001,2,0.2158273381294964,417
3,616001,3,0.22302158273381295,417
3,616001,4,0.20863309352517986,417
3,616001,5,0.22062350119904076,417
3,619501,1,0.2278177458033573,417
3,619501,2,0.2278177458033573,417
3,619501,3,0.19904076738609114,417
3,619501,4,0.20623501199040767,417
3,619501,5,0.2182254196642686,417
3,623001,1,0.24940047961630696,417
3,623001,2,0.2302158273381295,417
3,623001,3,0.21342925659472423,417
3,623001,4,0.22062350119904076,417
3,623001,5,0.19904076738609114,417
3,626501,1,0.19184652278177458,417
3,626501,2,0.2541966426858513,417
3,626501,3,0.19904076738609114,417
3,626501,4,0.22302158273381295,417
3,626501,5,0.2446043165467626,417
3,630001,1,0.2038369304556355,417
3,630001,2,0.2278177458033573,417
3,630001,3,0.22302158273381295,417
3,630001,4,0.20863309352517986,417
3,630001,5,0.2158273381294964,417
3,633501,1,0.21342925659472423,417
3,633501,2,0.19424460431654678,417
3,633501,3,0.22062350119904076,417
3,633501,4,0.2182254196642686,417
3,633501,5,0.2302158273381295,417
3,637001,1,0.2182254196642686,417
3,637001,2,0.20623501199040767,417
3,637001,3,0.20863309352517986,417
3,637001,4,0.2278177458033573,417
3,637001,5,0.18705035971223022,417
3,640501,1,0.2014388489208633,417
3,640501,2,0.2565947242206235,417
3,640501,3,0.19904076738609114,417
3,640501,4,0.2589928057553957,417
3,640501,5,0.23501199040767387,417
3,644001,1,0.17985611510791366,417
3,644001,2,0.2422062350119904,417
3,644001,3,0.21342925659472423,417
3,644001,4,0.17266187050359713,417
3,644001,5,0.23741007194244604,417
3,647501,1,0.22062350119904076,417
3,647501,2,0.23741007194244604,417
3,647501,3,0.2302158273381295,417
3,647501,4,0.20623501199040767,417
3,647501,5,0.20623501199040767,417
3,651001,1,0.20623501199040767,417
3,651001,2,0.19664268585131894,417
3,651001,3,0.18225419664268586,417
3,651001,4,0.23261390887290168,417
3,651001,5,0.22541966426858512,417
3,654501,1,0.18944844124700239,417
3,654501,2,0.16786570743405277,417
3,654501,3,0.19424460431654678,417
3,654501,4,0.19664268585131894,417
3,654501,5,0.23741007194244604,417
3,658001,1,0.19184652278177458,417
3,658001,2,0.17026378896882494,417
3,658001,3,0.22541966426858512,417
3,658001,4,0.2278177458033573,417
3,658001,5,0.2565947242206235,417
3,661501,1,0.23741007194244604,417
3,661501,2,0.2182254196642686,417
3,661501,3,0.2278177458033573,417
3,661501,4,0.18705035971223022,417
3,661501,5,0.23980815347721823,417
3,665001,1,0.2302158273381295,417
3,665001,2,0.2158273381294964,417
3,665001,3,0.19664268585131894,417
3,665001,4,0.1630695443645084,417
3,665001,5,0.21103117505995203,417
3,668501,1,0.16546762589928057,417
3,668501,2,0.2565947242206235,417
3,668501,3,0.2278177458033573,417
3,668501,4,0.19664268585131894,417
3,668501,5,0.2038369304556355,417
3,672001,1,0.20623501199040767,417
3,672001,2,0.22302158273381295,417
3,672001,3,0.22302158273381295,417
3,672001,4,0.2014388489208633,417
3,672001,5,0.2422062350119904,417
3,675501,1,0.2302158273381295,417
3,675501,2,0.17985611510791366,417
3,675501,3,0.2038369304556355,417
3,675501,4,0.23741007194244604,417
3,675501,5,0.18944844124700239,417
3,679001,1,0.21103117505995203,417
3,679001,2,0.2422062350119904,417
3,679001,3,0.22302158273381295,417
3,679001,4,0.1774580335731415,417
3,679001,5,0.19184652278177458,417
3,682501,1,0.22302158273381295,417
3,682501,2,0.21103117505995203,417
3,682501,3,0.22062350119904076,417
3,682501,4,0.2014388489208633,417
3,682501,5,0.24700239808153476,417
3,686001,1,0.16546762589928057,417
3,686001,2,0.2302158273381295,417
3,686001,3,0.2302158273381295,417
3,686001,4,0.24700239808153476,417
3,686001,5,0.1606714628297362,417
3,689501,1,0.19184652278177458,417
3,689501,2,0.19904076738609114,417
3,689501,3,0.17985611510791366,417
3,689501,4,0.23741007194244604,417
3,689501,5,0.23741007194244604,417
3,693001,1,0.2302158273381295,417
3,693001,2,0.2038369304556355,417
3,693001,3,0.2278177458033573,417
3,693001,4,0.2014388489208633,417
3,693001,5,0.1774580335731415,417
3,696501,1,0.18225419664268586,417
3,696501,2,0.2278177458033573,417
3,696501,3,0.18944844124700239,417
3,696501,4,0.18225419664268586,417
3,696501,5,0.2422062350119904,417
3,700001,1,0.20623501199040767,417
3,700001,2,0.20863309352517986,417
3,700001,3,0.1750599520383693,417
3,700001,4,0.21342925659472423,417
3,700001,5,0.22302158273381295,417
3,703501,1,0.2302158273381295,417
3,703501,2,0.2038369304556355,417
3,703501,3,0.23501199040767387,417
3,703501,4,0.23501199040767387,417
3,703501,5,0.2158273381294964,417
3,707001,1,0.2302158273381295,417
3,707001,2,0.1630695443645084,417
3,707001,3,0.19184652278177458,417
3,707001,4,0.2422062350119904,417
3,707001,5,0.2182254196642686,417
3,710501,1,0.22541966426858512,417
3,710501,2,0.21103117505995203,417
3,710501,3,0.2014388489208633,417
3,710501,4,0.2278177458033573,417
3,710501,5,0.2302158273381295,417
3,714001,1,0.2278177458033573,417
3,714001,2,0.22541966426858512,417
3,714001,3,0.20623501199040767,417
3,714001,4,0.2182254196642686,417
3,714001,5,0.1750599520383693,417
3,717501,1,0.19904076738609114,417
3,717501,2,0.2182254196642686,417
3,717501,3,0.17985611510791366,417
3,717501,4,0.20623501199040767,417
3,717501,5,0.23261390887290168,417
3,721001,1,0.23261390887290168,417
3,721001,2,0.2278177458033573,417
3,721001,3,0.23261390887290168,417
3,721001,4,0.22062350119904076,417
3,721001,5,0.19184652278177458,417
3,724501,1,0.19184652278177458,417
3,724501,2,0.23261390887290168,417
3,724501,3,0.22062350119904076,417
3,724501,4,0.2158273381294964,417
3,724501,5,0.2278177458033573,417
3,728001,1,0.24700239808153476,417
3,728001,2,0.1774580335731415,417
3,728001,3,0.22541966426858512,417
3,728001,4,0.24940047961630696,417
3,728001,5,0.2302158273381295,417
3,731501,1,0.1774580335731415,417
3,731501,2,0.18465227817745802,417
3,731501,3,0.2302158273381295,417
3,731501,4,0.20863309352517986,417
3,731501,5,0.21103117505995203,417
3,735001,1,0.1750599520383693,417
3,735001,2,0.23741007194244604,417
3,735001,3,0.2446043165467626,417
3,735001,4,0.2302158273381295,417
3,735001,5,0.22302158273381295,417
3,738501,1,0.2038369304556355,417
3,738501,2,0.19904076738609114,417
3,738501,3,0.2182254196642686,417
3,738501,4,0.2302158273381295,417
3,738501,5,0.21342925659472423,417
3,742001,1,0.2158273381294964,417
3,742001,2,0.2014388489208633,417
3,742001,3,0.18465227817745802,417
3,742001,4,0.18225419664268586,417
3,742001,5,0.2709832134292566,417
3,745501,1,0.24940047961630696,417
3,745501,2,0.2302158273381295,417
3,745501,3,0.21342925659472423,417
3,745501,4,0.19184652278177458,417
3,745501,5,0.16786570743405277,417
3,749001,1,0.2038369304556355,417
3,749001,2,0.16546762589928057,417
3,749001,3,0.2422062350119904,417
3,749001,4,0.1774580335731415,417
3,749001,5,0.19664268585131894,417
3,752501,1,0.19424460431654678,417
3,752501,2,0.2422062350119904,417
3,752501,3,0.1606714628297362,417
3,752501,4,0.17266187050359713,417
3,752501,5,0.2278177458033573,417
3,756001,1,0.2038369304556355,417
3,756001,2,0.22302158273381295,417
3,756001,3,0.19664268585131894,417
3,756001,4,0.22541966426858512,417
3,756001,5,0.19184652278177458,417
3,759501,1,0.17985611510791366,417
3,759501,2,0.2517985611510791,417
3,759501,3,0.23741007194244604,417
3,759501,4,0.2158273381294964,417
3,759501,5,0.2446043165467626,417
3,763001,1,0.23501199040767387,417
3,763001,2,0.19184652278177458,417
3,763001,3,0.2182254196642686,417
3,763001,4,0.2158273381294964,417
3,763001,5,0.20623501199040767,417
3,766501,1,0.2422062350119904,417
3,766501,2,0.22062350119904076,417
3,766501,3,0.22541966426858512,417
3,766501,4,0.21103117505995203,417
3,766501,5,0.2158273381294964,417
3,770001,1,0.23261390887290168,417
3,770001,2,0.2278177458033573,417
3,770001,3,0.2565947242206235,417
3,770001,4,0.23261390887290168,417
3,770001,5,0.19904076738609114,417
3,773501,1,0.2541966426858513,417
3,773501,2,0.21342925659472423,417
3,773501,3,0.19424460431654678,417
3,773501,4,0.18465227817745802,417
3,773501,5,0.21103117505995203,417
3,777001,1,0.23501199040767387,417
3,777001,2,0.2278177458033573,417
3,777001,3,0.18225419664268586,417
3,777001,4,0.2709832134292566,417
3,777001,5,0.2014388489208633,417
3,780501,1,0.22541966426858512,417
3,780501,2,0.2182254196642686,417
3,780501,3,0.21342925659472423,417
3,780501,4,0.19904076738609114,417
3,780501,5,0.18225419664268586,417
3,784001,1,0.2278177458033573,417
3,784001,2,0.23980815347721823,417
3,784001,3,0.19664268585131894,417
3,784001,4,0.19904076738609114,417
3,784001,5,0.22302158273381295,417
3,787501,1,0.2541966426858513,417
3,787501,2,0.2038369304556355,417
3,787501,3,0.22062350119904076,417
3,787501,4,0.19904076738609114,417
3,787501,5,0.21103117505995203,417
3,791001,1,0.22541966426858512,417
3,791001,2,0.20863309352517986,417
3,791001,3,0.26139088729016785,417
3,791001,4,0.23980815347721823,417
3,791001,5,0.2014388489208633,417
3,794501,1,0.21342925659472423,417
3,794501,2,0.21103117505995203,417
3,794501,3,0.21103117505995203,417
3,794501,4,0.24940047961630696,417
3,794501,5,0.1774580335731415,417
3,798001,1,0.19664268585131894,417
3,798001,2,0.19424460431654678,417
3,798001,3,0.22062350119904076,417
3,798001,4,0.20623501199040767,417
3,798001,5,0.19664268585131894,417
3,801501,1,0.2038369304556355,417
3,801501,2,0.22302158273381295,417
3,801501,3,0.22062350119904076,417
3,801501,4,0.2565947242206235,417
3,801501,5,0.19424460431654678,417
3,805001,1,0.2038369304556355,417
3,805001,2,0.18225419664268586,417
3,805001,3,0.2278177458033573,417
3,805001,4,0.2182254196642686,417
3,805001,5,0.2182254196642686,417
3,808501,1,0.18705035971223022,417
3,808501,2,0.19904076738609114,417
3,808501,3,0.17266187050359713,417
3,808501,4,0.23261390887290168,417
3,808501,5,0.18944844124700239,417
3,812001,1,0.17026378896882494,417
3,812001,2,0.2302158273381295,417
3,812001,3,0.21342925659472423,417
3,812001,4,0.2302158273381295,417
3,812001,5,0.2038369304556355,417
3,815501,1,0.2637889688249401,417
3,815501,2,0.18225419664268586,417
3,815501,3,0.23501199040767387,417
3,815501,4,0.18465227817745802,417
3,815501,5,0.23980815347721823,417
3,819001,1,0.24940047961630696,417
3,819001,2,0.16546762589928057,417
3,819001,3,0.2446043165467626,417
3,819001,4,0.21342925659472423,417
3,819001,5,0.2422062350119904,417
3,822501,1,0.22541966426858512,417
3,822501,2,0.2158273381294964,417
3,822501,3,0.18465227817745802,417
3,822501,4,0.19424460431654678,417
3,822501,5,0.23261390887290168,417
3,826001,1,0.18944844124700239,417
3,826001,2,0.2038369304556355,417
3,826001,3,0.22541966426858512,417
3,826001,4,0.1510791366906475,417
3,826001,5,0.2158273381294964,417
3,829501,1,0.21342925659472423,417
3,829501,2,0.2182254196642686,417
3,829501,3,0.21342925659472423,417
3,829501,4,0.2302158273381295,417
3,829501,5,0.19424460431654678,417
3,833001,1,0.2637889688249401,417
3,833001,2,0.20623501199040767,417
3,833001,3,0.22302158273381295,417
3,833001,4,0.21342925659472423,417
3,833001,5,0.2014388489208633,417
3,836501,1,0.21342925659472423,417
3,836501,2,0.18225419664268586,417
3,836501,3,0.18944844124700239,417
3,836501,4,0.2014388489208633,417
3,836501,5,0.24940047961630696,417
3,840001,1,0.2158273381294964,417
3,840001,2,0.23980815347721823,417
3,840001,3,0.19664268585131894,417
3,840001,4,0.22302158273381295,417
3,840001,5,0.21103117505995203,417
3,843501,1,0.2517985611510791,417
3,843501,2,0.2422062350119904,417
3,843501,3,0.22302158273381295,417
3,843501,4,0.2278177458033573,417
3,843501,5,0.22062350119904076,417
3,847001,1,0.20863309352517986,417
3,847001,2,0.23741007194244604,417
3,847001,3,0.22302158273381295,417
3,847001,4,0.19424460431654678,417
3,847001,5,0.18705035971223022,417
3,850501,1,0.17266187050359713,417
3,850501,2,0.2302158273381295,417
3,850501,3,0.2158273381294964,417
3,850501,4,0.2302158273381295,417
3,850501,5,0.23501199040767387,417
3,854001,1,0.17985611510791366,417
3,854001,2,0.19904076738609114,417
3,854001,3,0.26139088729016785,417
3,854001,4,0.23261390887290168,417
3,854001,5,0.20863309352517986,417
3,857501,1,0.18465227817745802,417
3,857501,2,0.23980815347721823,417
3,857501,3,0.18225419664268586,417
3,857501,4,0.1630695443645084,417
3,857501,5,0.18944844124700239,417
3,861001,1,0.20863309352517986,417
3,861001,2,0.20863309352517986,417
3,861001,3,0.23741007194244604,417
3,861001,4,0.19184652278177458,417
3,861001,5,0.20863309352517986,417
3,864501,1,0.20623501199040767,417
3,864501,2,0.14628297362110312,417
3,864501,3,0.21342925659472423,417
3,864501,4,0.1486810551558753,417
3,864501,5,0.22302158273381295,417
3,868001,1,0.20863309352517986,417
3,868001,2,0.22541966426858512,417
3,868001,3,0.19424460431654678,417
3,868001,4,0.2038369304556355,417
3,868001,5,0.18944844124700239,417
3,871501,1,0.19424460431654678,417
3,871501,2,0.20623501199040767,417
3,871501,3,0.22541966426858512,417
3,871501,4,0.2446043165467626,417
3,871501,5,0.2158273381294964,417
3,875001,1,0.2182254196642686,417
3,875001,2,0.2446043165467626,417
3,875001,3,0.18465227817745802,417
3,875001,4,0.15347721822541965,417
3,875001,5,0.22541966426858512,417
3,878501,1,0.20863309352517986,417
3,878501,2,0.20863309352517986,417
3,878501,3,0.20623501199040767,417
3,878501,4,0.17266187050359713,417
3,878501,5,0.15347721822541965,417
3,882001,1,0.19424460431654678,417
3,882001,2,0.2158273381294964,417
3,882001,3,0.23501199040767387,417
3,882001,4,0.21342925659472423,417
3,882001,5,0.23741007194244604,417
3,885501,1,0.19664268585131894,417
3,885501,2,0.2446043165467626,417
3,885501,3,0.19184652278177458,417
3,885501,4,0.21103117505995203,417
3,885501,5,0.21342925659472423,417
3,889001,1,0.21342925659472423,417
3,889001,2,0.16786570743405277,417
3,889001,3,0.23741007194244604,417
3,889001,4,0.21103117505995203,417
3,889001,5,0.23501199040767387,417
3,892501,1,0.23501199040767387,417
3,892501,2,0.22302158273381295,417
3,892501,3,0.19184652278177458,417
3,892501,4,0.2182254196642686,417
3,892501,5,0.2158273381294964,417
3,896001,1,0.22302158273381295,417
3,896001,2,0.18465227817745802,417
3,896001,3,0.22541966426858512,417
3,896001,4,0.23501199040767387,417
3,896001,5,0.19184652278177458,417
3,899501,1,0.2038369304556355,417
3,899501,2,0.19664268585131894,417
3,899501,3,0.2278177458033573,417
3,899501,4,0.19904076738609114,417
3,899501,5,0.17985611510791366,417
3,903001,1,0.19424460431654678,417
3,903001,2,0.18465227817745802,417
3,903001,3,0.22302158273381295,417
3,903001,4,0.24940047961630696,417
3,903001,5,0.17266187050359713,417
3,906501,1,0.23261390887290168,417
3,906501,2,0.22302158273381295,417
3,906501,3,0.17026378896882494,417
3,906501,4,0.2278177458033573,417
3,906501,5,0.23741007194244604,417
3,910001,1,0.2182254196642686,417
3,910001,2,0.18465227817745802,417
3,910001,3,0.2182254196642686,417
3,910001,4,0.2278177458033573,417
3,910001,5,0.22302158273381295,417
3,913501,1,0.22062350119904076,417
3,913501,2,0.22302158273381295,417
3,913501,3,0.23980815347721823,417
3,913501,4,0.18705035971223022,417
3,913501,5,0.20863309352517986,417
3,917001,1,0.23741007194244604,417
3,917001,2,0.2014388489208633,417
3,917001,3,0.21103117505995203,417
3,917001,4,0.2014388489208633,417
3,917001,5,0.24940047961630696,417
3,920501,1,0.23741007194244604,417
3,920501,2,0.21103117505995203,417
3,920501,3,0.18465227817745802,417
3,920501,4,0.19664268585131894,417
3,920501,5,0.18705035971223022,417
3,924001,1,0.20863309352517986,417
3,924001,2,0.22062350119904076,417
3,924001,3,0.2302158273381295,417
3,924001,4,0.19424460431654678,417
3,924001,5,0.16786570743405277,417
3,927501,1,0.22541966426858512,417
3,927501,2,0.19184652278177458,417
3,927501,3,0.1606714628297362,417
3,927501,4,0.19424460431654678,417
3,927501,5,0.18944844124700239,417
3,931001,1,0.2589928057553957,417
3,931001,2,0.18705035971223022,417
3,931001,3,0.19424460431654678,417
3,931001,4,0.20623501199040767,417
3,931001,5,0.23741007194244604,417
3,934501,1,0.2158273381294964,417
3,934501,2,0.1774580335731415,417
3,934501,3,0.22302158273381295,417
3,934501,4,0.19424460431654678,417
3,934501,5,0.2973621103117506,417
3,938001,1,0.21103117505995203,417
3,938001,2,0.23980815347721823,417
3,938001,3,0.19664268585131894,417
3,938001,4,0.20623501199040767,417
3,938001,5,0.2446043165467626,417
3,941501,1,0.22062350119904076,417
3,941501,2,0.2158273381294964,417
3,941501,3,0.21103117505995203,417
3,941501,4,0.20863309352517986,417
3,941501,5,0.2278177458033573,417
3,945001,1,0.2038369304556355,417
3,945001,2,0.1774580335731415,417
3,945001,3,0.2014388489208633,417
3,945001,4,0.17985611510791366,417
3,945001,5,0.23741007194244604,417
3,948501,1,0.22541966426858512,417
3,948501,2,0.2446043165467626,417
3,948501,3,0.2278177458033573,417
3,948501,4,0.2014388489208633,417
3,948501,5,0.20863309352517986,417
3,952001,1,0.21103117505995203,417
3,952001,2,0.23261390887290168,417
3,952001,3,0.2637889688249401,417
3,952001,4,0.15827338129496402,417
3,952001,5,0.24940047961630696,417
3,955501,1,0.2014388489208633,417
3,955501,2,0.2278177458033573,417
3,955501,3,0.27577937649880097,417
3,955501,4,0.2158273381294964,417
3,955501,5,0.2446043165467626,417
3,959001,1,0.19184652278177458,417
3,959001,2,0.19904076738609114,417
3,959001,3,0.20623501199040767,417
3,959001,4,0.20623501199040767,417
3,959001,5,0.21103117505995203,417
3,962501,1,0.21103117505995203,417
3,962501,2,0.23501199040767387,417
3,962501,3,0.23261390887290168,417
3,962501,4,0.23980815347721823,417
3,962501,5,0.20863309352517986,417
3,966001,1,0.2589928057553957,417
3,966001,2,0.2014388489208633,417
3,966001,3,0.18465227817745802,417
3,966001,4,0.2038369304556355,417
3,966001,5,0.27817745803357313,417
3,969501,1,0.16546762589928057,417
3,969501,2,0.2158273381294964,417
3,969501,3,0.24940047961630696,417
3,969501,4,0.2302158273381295,417
3,969501,5,0.2182254196642686,417
3,973001,1,0.21342925659472423,417
3,973001,2,0.1606714628297362,417
3,973001,3,0.19904076738609114,417
3,973001,4,0.2302158273381295,417
3,973001,5,0.22541966426858512,417
3,976501,1,0.2182254196642686,417
3,976501,2,0.2158273381294964,417
3,976501,3,0.22302158273381295,417
3,976501,4,0.2182254196642686,417
3,976501,5,0.19664268585131894,417
3,980001,1,0.23261390887290168,417
3,980001,2,0.19904076738609114,417
3,980001,3,0.18465227817745802,417
3,980001,4,0.22062350119904076,417
3,980001,5,0.2182254196642686,417
3,983501,1,0.2278177458033573,417
3,983501,2,0.22541966426858512,417
3,983501,3,0.2038369304556355,417
3,983501,4,0.23261390887290168,417
3,983501,5,0.2182254196642686,417
3,987001,1,0.2278177458033573,417
3,987001,2,0.18944844124700239,417
3,987001,3,0.18465227817745802,417
3,987001,4,0.2685851318944844,417
3,987001,5,0.2182254196642686,417
3,990501,1,0.2278177458033573,417
3,990501,2,0.21342925659472423,417
3,990501,3,0.24700239808153476,417
3,990501,4,0.2182254196642686,417
3,990501,5,0.21342925659472423,417
3,994001,1,0.17026378896882494,417
3,994001,2,0.22302158273381295,417
3,994001,3,0.2038369304556355,417
3,994001,4,0.23501199040767387,417
3,994001,5,0.2302158273381295,417
3,997501,1,0.19664268585131894,417
3,997501,2,0.19904076738609114,417
3,997501,3,0.20623501199040767,417
3,997501,4,0.17026378896882494,417
3,997501,5,0.18944844124700239,417
4,301001,1,0.17548746518105848,359
4,301001,2,0.17270194986072424,359
4,301001,3,0.1392757660167131,359
4,301001,4,0.10306406685236769,359
4,301001,5,0.20055710306406685,359
4,304501,1,0.18662952646239556,359
4,304501,2,0.17827298050139276,359
4,304501,3,0.14484679665738162,359
4,304501,4,0.1894150417827298,359
4,304501,5,0.17270194986072424,359
4,308001,1,0.1977715877437326,359
4,308001,2,0.20334261838440112,359
4,308001,3,0.22562674094707522,359
4,308001,4,0.18662952646239556,359
4,308001,5,0.20612813370473537,359
4,311501,1,0.15598885793871867,359
4,311501,2,0.24233983286908078,359
4,311501,3,0.20055710306406685,359
4,311501,4,0.22841225626740946,359
4,311501,5,0.18384401114206128,359
4,315001,1,0.2116991643454039,359
4,315001,2,0.14484679665738162,359
4,315001,3,0.18662952646239556,359
4,315001,4,0.1671309192200557,359
4,315001,5,0.1532033426183844,359
4,318501,1,0.2200557103064067,359
4,318501,2,0.15877437325905291,359
4,318501,3,0.12813370473537605,359
4,318501,4,0.11420612813370473,359
4,318501,5,0.15598885793871867,359
4,322001,1,0.2116991643454039,359
4,322001,2,0.15598885793871867,359
4,322001,3,0.19498607242339833,359
4,322001,4,0.1671309192200557,359
4,322001,5,0.15877437325905291,359
4,325501,1,0.15598885793871867,359
4,325501,2,0.18662952646239556,359
4,325501,3,0.1392757660167131,359
4,325501,4,0.22562674094707522,359
4,325501,5,0.17827298050139276,359
4,329001,1,0.20055710306406685,359
4,329001,2,0.19498607242339833,359
4,329001,3,0.1671309192200557,359
4,329001,4,0.1671309192200557,359
4,329001,5,0.14763231197771587,359
4,332501,1,0.15877437325905291,359
4,332501,2,0.1671309192200557,359
4,332501,3,0.20891364902506965,359
4,332501,4,0.18662952646239556,359
4,332501,5,0.14484679665738162,359
4,336001,1,0.181058495821727,359
4,336001,2,0.11420612813370473,359
4,336001,3,0.20891364902506965,359
4,336001,4,0.20612813370473537,359
4,336001,5,0.17548746518105848,359
4,339501,1,0.16991643454038996,359
4,339501,2,0.16991643454038996,359
4,339501,3,0.15041782729805014,359
4,339501,4,0.19220055710306408,359
4,339501,5,0.18384401114206128,359
4,343001,1,0.16434540389972144,359
4,343001,2,0.181058495821727,359
4,343001,3,0.181058495821727,359
4,343001,4,0.23119777158774374,359
4,343001,5,0.2200557103064067,359
4,346501,1,0.15041782729805014,359
4,346501,2,0.2116991643454039,359
4,346501,3,0.24233983286908078,359
4,346501,4,0.16991643454038996,359
4,346501,5,0.20055710306406685,359
4,350001,1,0.12813370473537605,359
4,350001,2,0.1615598885793872,359
4,350001,3,0.233983286908078,359
4,350001,4,0.17270194986072424,359
4,350001,5,0.181058495821727,359
4,353501,1,0.16434540389972144,359
4,353501,2,0.1532033426183844,359
4,353501,3,0.18384401114206128,359
4,353501,4,0.1532033426183844,359
4,353501,5,0.17270194986072424,359
4,357001,1,0.19498607242339833,359
4,357001,2,0.13649025069637882,359
4,357001,3,0.16991643454038996,359
4,357001,4,0.18384401114206128,359
4,357001,5,0.18384401114206128,359
4,360501,1,0.16991643454038996,359
4,360501,2,0.1615598885793872,359
4,360501,3,0.12813370473537605,359
4,360501,4,0.15598885793871867,359
4,360501,5,0.15877437325905291,359
4,364001,1,0.1309192200557103,359
4,364001,2,0.20891364902506965,359
4,364001,3,0.14206128133704735,359
4,364001,4,0.16991643454038996,359
4,364001,5,0.13649025069637882,359
4,367501,1,0.19498607242339833,359
4,367501,2,0.21727019498607242,359
4,367501,3,0.15877437325905291,359
4,367501,4,0.1671309192200557,359
4,367501,5,0.19498607242339833,359
4,371001,1,0.14206128133704735,359
4,371001,2,0.1894150417827298,359
4,371001,3,0.1894150417827298,359
4,371001,4,0.181058495821727,359
4,371001,5,0.17827298050139276,359
4,374501,1,0.18662952646239556,359
4,374501,2,0.22562674094707522,359
4,374501,3,0.20612813370473537,359
4,374501,4,0.16991643454038996,359
4,374501,5,0.11420612813370473,359
4,378001,1,0.15598885793871867,359
4,378001,2,0.2116991643454039,359
4,378001,3,0.12813370473537605,359
4,378001,4,0.12256267409470752,359
4,378001,5,0.18384401114206128,359
4,381501,1,0.17270194986072424,359
4,381501,2,0.16434540389972144,359
4,381501,3,0.20612813370473537,359
4,381501,4,0.15877437325905291,359
4,381501,5,0.17548746518105848,359
4,385001,1,0.20891364902506965,359
4,385001,2,0.20055710306406685,359
4,385001,3,0.17827298050139276,359
4,385001,4,0.20334261838440112,359
4,385001,5,0.1894150417827298,359
4,388501,1,0.20891364902506965,359
4,388501,2,0.1894150417827298,359
4,388501,3,0.17827298050139276,359
4,388501,4,0.11420612813370473,359
4,388501,5,0.19220055710306408,359
4,392001,1,0.14484679665738162,359
4,392001,2,0.17827298050139276,359
4,392001,3,0.15041782729805014,359
4,392001,4,0.17270194986072424,359
4,392001,5,0.13649025069637882,359
4,395501,1,0.19498607242339833,359
4,395501,2,0.19220055710306408,359
4,395501,3,0.15041782729805014,359
4,395501,4,0.19498607242339833,359
4,395501,5,0.16434540389972144,359
4,399001,1,0.1615598885793872,359
4,399001,2,0.1671309192200557,359
4,399001,3,0.20891364902506965,359
4,399001,4,0.1977715877437326,359
4,399001,5,0.1977715877437326,359
4,402501,1,0.1671309192200557,359
4,402501,2,0.18384401114206128,359
4,402501,3,0.20334261838440112,359
4,402501,4,0.13370473537604458,359
4,402501,5,0.21727019498607242,359
4,406001,1,0.22562674094707522,359
4,406001,2,0.1977715877437326,359
4,406001,3,0.18384401114206128,359
4,406001,4,0.11142061281337047,359
4,406001,5,0.20891364902506965,359
4,409501,1,0.2116991643454039,359
4,409501,2,0.20612813370473537,359
4,409501,3,0.17270194986072424,359
4,409501,4,0.17827298050139276,359
4,409501,5,0.14206128133704735,359
4,413001,1,0.17548746518105848,359
4,413001,2,0.18662952646239556,359
4,413001,3,0.16434540389972144,359
4,413001,4,0.20055710306406685,359
4,413001,5,0.1615598885793872,359
4,416501,1,0.22284122562674094,359
4,416501,2,0.18662952646239556,359
4,416501,3,0.20612813370473537,359
4,416501,4,0.20334261838440112,359
4,416501,5,0.17270194986072424,359
4,420001,1,0.1532033426183844,359
4,420001,2,0.181058495821727,359
4,420001,3,0.21727019498607242,359
4,420001,4,0.17827298050139276,359
4,420001,5,0.15877437325905291,359
4,423501,1,0.20891364902506965,359
4,423501,2,0.2200557103064067,359
4,423501,3,0.20891364902506965,359
4,423501,4,0.20612813370473537,359
4,423501,5,0.14206128133704735,359
4,427001,1,0.17270194986072424,359
4,427001,2,0.181058495821727,359
4,427001,3,0.1615598885793872,359
4,427001,4,0.17270194986072424,359
4,427001,5,0.15877437325905291,359
4,430501,1,0.16991643454038996,359
4,430501,2,0.16991643454038996,359
4,430501,3,0.20612813370473537,359
4,430501,4,0.20055710306406685,359
4,430501,5,0.17548746518105848,359
4,434001,1,0.17827298050139276,359
4,434001,2,0.15598885793871867,359
4,434001,3,0.181058495821727,359
4,434001,4,0.16991643454038996,359
4,434001,5,0.12534818941504178,359
4,437501,1,0.17548746518105848,359
4,437501,2,0.14484679665738162,359
4,437501,3,0.1894150417827298,359
4,437501,4,0.11420612813370473,359
4,437501,5,0.16434540389972144,359
4,441001,1,0.16991643454038996,359
4,441001,2,0.18384401114206128,359
4,441001,3,0.15598885793871867,359
4,441001,4,0.1671309192200557,359
4,441001,5,0.1615598885793872,359
4,444501,1,0.12534818941504178,359
4,444501,2,0.181058495821727,359
4,444501,3,0.19220055710306408,359
4,444501,4,0.15041782729805014,359
4,444501,5,0.15877437325905291,359
4,448001,1,0.1615598885793872,359
4,448001,2,0.17827298050139276,359
4,448001,3,0.16434540389972144,359
4,448001,4,0.20334261838440112,359
4,448001,5,0.1309192200557103,359
4,451501,1,0.17827298050139276,359
4,451501,2,0.22284122562674094,359
4,451501,3,0.17270194986072424,359
4,451501,4,0.17548746518105848,359
4,451501,5,0.13649025069637882,359
4,455001,1,0.22562674094707522,359
4,455001,2,0.14206128133704735,359
4,455001,3,0.19498607242339833,359
4,455001,4,0.20334261838440112,359
4,455001,5,0.19498607242339833,359
4,458501,1,0.19220055710306408,359
4,458501,2,0.15041782729805014,359
4,458501,3,0.15877437325905291,359
4,458501,4,0.19220055710306408,359
4,458501,5,0.0807799442896936,359
4,462001,1,0.20055710306406685,359
4,462001,2,0.17827298050139276,359
4,462001,3,0.13649025069637882,359
4,462001,4,0.15877437325905291,359
4,462001,5,0.12534818941504178,359
4,465501,1,0.15598885793871867,359
4,465501,2,0.12813370473537605,359
4,465501,3,0.1894150417827298,359
4,465501,4,0.15598885793871867,359
4,465501,5,0.15877437325905291,359
4,469001,1,0.16434540389972144,359
4,469001,2,0.14484679665738162,359
4,469001,3,0.2116991643454039,359
4,469001,4,0.1532033426183844,359
4,469001,5,0.20334261838440112,359
4,472501,1,0.22284122562674094,359
4,472501,2,0.17548746518105848,359
4,472501,3,0.14763231197771587,359
4,472501,4,0.14206128133704735,359
4,472501,5,0.15041782729805014,359
4,476001,1,0.22284122562674094,359
4,476001,2,0.14763231197771587,359
4,476001,3,0.22841225626740946,359
4,476001,4,0.18662952646239556,359
4,476001,5,0.15598885793871867,359
4,479501,1,0.18384401114206128,359
4,479501,2,0.1894150417827298,359
4,479501,3,0.1309192200557103,359
4,479501,4,0.15877437325905291,359
4,479501,5,0.15041782729805014,359
4,483001,1,0.19498607242339833,359
4,483001,2,0.17270194986072424,359
4,483001,3,0.20891364902506965,359
4,483001,4,0.17270194986072424,359
4,483001,5,0.1671309192200557,359
4,486501,1,0.1392757660167131,359
4,486501,2,0.21448467966573817,359
4,486501,3,0.18384401114206128,359
4,486501,4,0.12534818941504178,359
4,486501,5,0.13649025069637882,359
4,490001,1,0.20612813370473537,359
4,490001,2,0.1392757660167131,359
4,490001,3,0.16434540389972144,359
4,490001,4,0.17548746518105848,359
4,490001,5,0.17270194986072424,359
4,493501,1,0.1894150417827298,359
4,493501,2,0.2200557103064067,359
4,493501,3,0.1977715877437326,359
4,493501,4,0.1532033426183844,359
4,493501,5,0.17548746518105848,359
4,497001,1,0.15877437325905291,359
4,497001,2,0.1977715877437326,359
4,497001,3,0.1532033426183844,359
4,497001,4,0.12813370473537605,359
4,497001,5,0.20055710306406685,359
4,500501,1,0.11977715877437325,359
4,500501,2,0.18662952646239556,359
4,500501,3,0.15877437325905291,359
4,500501,4,0.14484679665738162,359
4,500501,5,0.1532033426183844,359
4,504001,1,0.17270194986072424,359
4,504001,2,0.17548746518105848,359
4,504001,3,0.181058495821727,359
4,504001,4,0.181058495821727,359
4,504001,5,0.22562674094707522,359
4,507501,1,0.10863509749303621,359
4,507501,2,0.15877437325905291,359
4,507501,3,0.20055710306406685,359
4,507501,4,0.15877437325905291,359
4,507501,5,0.1532033426183844,359
4,511001,1,0.17548746518105848,359
4,511001,2,0.18384401114206128,359
4,511001,3,0.17270194986072424,359
4,511001,4,0.1392757660167131,359
4,511001,5,0.16991643454038996,359
4,514501,1,0.18662952646239556,359
4,514501,2,0.20612813370473537,359
4,514501,3,0.16434540389972144,359
4,514501,4,0.15041782729805014,359
4,514501,5,0.19220055710306408,359
4,518001,1,0.1671309192200557,359
4,518001,2,0.181058495821727,359
4,518001,3,0.1532033426183844,359
4,518001,4,0.21727019498607242,359
4,518001,5,0.20891364902506965,359
4,521501,1,0.181058495821727,359
4,521501,2,0.15041782729805014,359
4,521501,3,0.17270194986072424,359
4,521501,4,0.15877437325905291,359
4,521501,5,0.21448467966573817,359
4,525001,1,0.18384401114206128,359
4,525001,2,0.20055710306406685,359
4,525001,3,0.10584958217270195,359
4,525001,4,0.18662952646239556,359
4,525001,5,0.16991643454038996,359
4,528501,1,0.19498607242339833,359
4,528501,2,0.14206128133704735,359
4,528501,3,0.15041782729805014,359
4,528501,4,0.15877437325905291,359
4,528501,5,0.18384401114206128,359
4,532001,1,0.1309192200557103,359
4,532001,2,0.15598885793871867,359
4,532001,3,0.1532033426183844,359
4,532001,4,0.21448467966573817,359
4,532001,5,0.17827298050139276,359
4,535501,1,0.19498607242339833,359
4,535501,2,0.1671309192200557,359
4,535501,3,0.20334261838440112,359
4,535501,4,0.14206128133704735,359
4,535501,5,0.16434540389972144,359
4,539001,1,0.17270194986072424,359
4,539001,2,0.18662952646239556,359
4,539001,3,0.18662952646239556,359
4,539001,4,0.10306406685236769,359
4,539001,5,0.18662952646239556,359
4,542501,1,0.22841225626740946,359
4,542501,2,0.14206128133704735,359
4,542501,3,0.20612813370473537,359
4,542501,4,0.17827298050139276,359
4,542501,5,0.18384401114206128,359
4,546001,1,0.17827298050139276,359
4,546001,2,0.21727019498607242,359
4,546001,3,0.12534818941504178,359
4,546001,4,0.18662952646239556,359
4,546001,5,0.16434540389972144,359
4,549501,1,0.1977715877437326,359
4,549501,2,0.20891364902506965,359
4,549501,3,0.18662952646239556,359
4,549501,4,0.15877437325905291,359
4,549501,5,0.2116991643454039,359
4,553001,1,0.25348189415041783,359
4,553001,2,0.12813370473537605,359
4,553001,3,0.18384401114206128,359
4,553001,4,0.1671309192200557,359
4,553001,5,0.18384401114206128,359
4,556501,1,0.14763231197771587,359
4,556501,2,0.181058495821727,359
4,556501,3,0.13370473537604458,359
4,556501,4,0.1894150417827298,359
4,556501,5,0.1894150417827298,359
4,560001,1,0.20334261838440112,359
4,560001,2,0.1532033426183844,359
4,560001,3,0.20334261838440112,359
4,560001,4,0.12813370473537605,359
4,560001,5,0.18384401114206128,359
4,563501,1,0.17548746518105848,359
4,563501,2,0.18662952646239556,359
4,563501,3,0.19220055710306408,359
4,563501,4,0.181058495821727,359
4,563501,5,0.16991643454038996,359
4,567001,1,0.1532033426183844,359
4,567001,2,0.18384401114206128,359
4,567001,3,0.20612813370473537,359
4,567001,4,0.1532033426183844,359
4,567001,5,0.12534818941504178,359
4,570501,1,0.13370473537604458,359
4,570501,2,0.1615598885793872,359
4,570501,3,0.14763231197771587,359
4,570501,4,0.1392757660167131,359
4,570501,5,0.15877437325905291,359
4,574001,1,0.1671309192200557,359
4,574001,2,0.19220055710306408,359
4,574001,3,0.1894150417827298,359
4,574001,4,0.1615598885793872,359
4,574001,5,0.13649025069637882,359
4,577501,1,0.21448467966573817,359
4,577501,2,0.19498607242339833,359
4,577501,3,0.13649025069637882,359
4,577501,4,0.17827298050139276,359
4,577501,5,0.15041782729805014,359
4,581001,1,0.20334261838440112,359
4,581001,2,0.233983286908078,359
4,581001,3,0.17270194986072424,359
4,581001,4,0.1392757660167131,359
4,581001,5,0.14206128133704735,359
4,584501,1,0.18384401114206128,359
4,584501,2,0.181058495821727,359
4,584501,3,0.17827298050139276,359
4,584501,4,0.17827298050139276,359
4,584501,5,0.17827298050139276,359
4,588001,1,0.21727019498607242,359
4,588001,2,0.17827298050139276,359
4,588001,3,0.1977715877437326,359
4,588001,4,0.20055710306406685,359
4,588001,5,0.20055710306406685,359
4,591501,1,0.12813370473537605,359
4,591501,2,0.18662952646239556,359
4,591501,3,0.181058495821727,359
4,591501,4,0.20612813370473537,359
4,591501,5,0.17548746518105848,359
4,595001,1,0.15598885793871867,359
4,595001,2,0.22562674094707522,359
4,595001,3,0.20891364902506965,359
4,595001,4,0.19220055710306408,359
4,595001,5,0.17548746518105848,359
4,598501,1,0.18662952646239556,359
4,598501,2,0.181058495821727,359
4,598501,3,0.19498607242339833,359
4,598501,4,0.16434540389972144,359
4,598501,5,0.20334261838440112,359
4,602001,1,0.181058495821727,359
4,602001,2,0.20891364902506965,359
4,602001,3,0.19498607242339833,359
4,602001,4,0.15598885793871867,359
4,602001,5,0.19498607242339833,359
4,605501,1,0.18662952646239556,359
4,605501,2,0.1671309192200557,359
4,605501,3,0.18384401114206128,359
4,605501,4,0.19498607242339833,359
4,605501,5,0.15877437325905291,359
4,609001,1,0.13370473537604458,359
4,609001,2,0.1532033426183844,359
4,609001,3,0.15598885793871867,359
4,609001,4,0.18384401114206128,359
4,609001,5,0.12534818941504178,359
4,612501,1,0.20612813370473537,359
4,612501,2,0.17548746518105848,359
4,612501,3,0.14206128133704735,359
4,612501,4,0.22841225626740946,359
4,612501,5,0.1615598885793872,359
4,616001,1,0.17548746518105848,359
4,616001,2,0.17548746518105848,359
4,616001,3,0.23676880222841226,359
4,616001,4,0.17270194986072424,359
4,616001,5,0.20891364902506965,359
4,619501,1,0.17270194986072424,359
4,619501,2,0.16434540389972144,359
4,619501,3,0.17827298050139276,359
4,619501,4,0.1671309192200557,359
4,619501,5,0.1977715877437326,359
4,623001,1,0.14206128133704735,359
4,623001,2,0.12256267409470752,359
4,623001,3,0.19220055710306408,359
4,623001,4,0.17270194986072424,359
4,623001,5,0.16434540389972144,359
4,626501,1,0.17548746518105848,359
4,626501,2,0.14763231197771587,359
4,626501,3,0.17548746518105848,359
4,626501,4,0.17548746518105848,359
4,626501,5,0.15877437325905291,359
4,630001,1,0.19498607242339833,359
4,630001,2,0.12534818941504178,359
4,630001,3,0.20055710306406685,359
4,630001,4,0.181058495821727,359
4,630001,5,0.18662952646239556,359
4,633501,1,0.21727019498607242,359
4,633501,2,0.23676880222841226,359
4,633501,3,0.13649025069637882,359
4,633501,4,0.11977715877437325,359
4,633501,5,0.14206128133704735,359
4,637001,1,0.12534818941504178,359
4,637001,2,0.1894150417827298,359
4,637001,3,0.17270194986072424,359
4,637001,4,0.12256267409470752,359
4,637001,5,0.18662952646239556,359
4,640501,1,0.16434540389972144,359
4,640501,2,0.13370473537604458,359
4,640501,3,0.14484679665738162,359
4,640501,4,0.1615598885793872,359
4,640501,5,0.14763231197771587,359
4,644001,1,0.12813370473537605,359
4,644001,2,0.2116991643454039,359
4,644001,3,0.1309192200557103,359
4,644001,4,0.16434540389972144,359
4,644001,5,0.1615598885793872,359
4,647501,1,0.13370473537604458,359
4,647501,2,0.1392757660167131,359
4,647501,3,0.14206128133704735,359
4,647501,4,0.18662952646239556,359
4,647501,5,0.1894150417827298,359
4,651001,1,0.18662952646239556,359
4,651001,2,0.21727019498607242,359
4,651001,3,0.181058495821727,359
4,651001,4,0.20334261838440112,359
4,651001,5,0.2116991643454039,359
4,654501,1,0.16434540389972144,359
4,654501,2,0.15041782729805014,359
4,654501,3,0.16991643454038996,359
4,654501,4,0.21448467966573817,359
4,654501,5,0.16991643454038996,359
4,658001,1,0.20334261838440112,359
4,658001,2,0.18662952646239556,359
4,658001,3,0.11420612813370473,359
4,658001,4,0.17548746518105848,359
4,658001,5,0.1894150417827298,359
4,661501,1,0.17548746518105848,359
4,661501,2,0.17270194986072424,359
4,661501,3,0.11420612813370473,359
4,661501,4,0.24233983286908078,359
4,661501,5,0.1671309192200557,359
4,665001,1,0.1894150417827298,359
4,665001,2,0.18662952646239556,359
4,665001,3,0.1615598885793872,359
4,665001,4,0.17270194986072424,359
4,665001,5,0.15598885793871867,359
4,668501,1,0.23676880222841226,359
4,668501,2,0.20612813370473537,359
4,668501,3,0.15041782729805014,359
4,668501,4,0.18384401114206128,359
4,668501,5,0.15877437325905291,359
4,672001,1,0.1532033426183844,359
4,672001,2,0.12813370473537605,359
4,672001,3,0.16434540389972144,359
4,672001,4,0.15877437325905291,359
4,672001,5,0.16434540389972144,359
4,675501,1,0.18384401114206128,359
4,675501,2,0.14206128133704735,359
4,675501,3,0.1615598885793872,359
4,675501,4,0.1615598885793872,359
4,675501,5,0.15877437325905291,359
4,679001,1,0.16434540389972144,359
4,679001,2,0.15041782729805014,359
4,679001,3,0.16434540389972144,359
4,679001,4,0.2116991643454039,359
4,679001,5,0.116991643454039,359
4,682501,1,0.15041782729805014,359
4,682501,2,0.17270194986072424,359
4,682501,3,0.181058495821727,359
4,682501,4,0.19498607242339833,359
4,682501,5,0.1671309192200557,359
4,686001,1,0.17548746518105848,359
4,686001,2,0.20334261838440112,359
4,686001,3,0.1977715877437326,359
4,686001,4,0.15877437325905291,359
4,686001,5,0.2116991643454039,359
4,689501,1,0.17270194986072424,359
4,689501,2,0.22562674094707522,359
4,689501,3,0.17270194986072424,359
4,689501,4,0.23119777158774374,359
4,689501,5,0.12813370473537605,359
4,693001,1,0.14763231197771587,359
4,693001,2,0.13370473537604458,359
4,693001,3,0.116991643454039,359
4,693001,4,0.2562674094707521,359
4,693001,5,0.14763231197771587,359
4,696501,1,0.20055710306406685,359
4,696501,2,0.12256267409470752,359
4,696501,3,0.2116991643454039,359
4,696501,4,0.17548746518105848,359
4,696501,5,0.18662952646239556,359
4,700001,1,0.21727019498607242,359
4,700001,2,0.19220055710306408,359
4,700001,3,0.22841225626740946,359
4,700001,4,0.17270194986072424,359
4,700001,5,0.16991643454038996,359
4,703501,1,0.1309192200557103,359
4,703501,2,0.17548746518105848,359
4,703501,3,0.15877437325905291,359
4,703501,4,0.14763231197771587,359
4,703501,5,0.1532033426183844,359
4,707001,1,0.1309192200557103,359
4,707001,2,0.1977715877437326,359
4,707001,3,0.17827298050139276,359
4,707001,4,0.19498607242339833,359
4,707001,5,0.1392757660167131,359
4,710501,1,0.11420612813370473,359
4,710501,2,0.20055710306406685,359
4,710501,3,0.17270194986072424,359
4,710501,4,0.16991643454038996,359
4,710501,5,0.1392757660167131,359
4,714001,1,0.181058495821727,359
4,714001,2,0.16991643454038996,359
4,714001,3,0.27298050139275765,359
4,714001,4,0.20612813370473537,359
4,714001,5,0.14484679665738162,359
4,717501,1,0.20612813370473537,359
4,717501,2,0.1615598885793872,359
4,717501,3,0.20612813370473537,359
4,717501,4,0.21448467966573817,359
4,717501,5,0.14763231197771587,359
4,721001,1,0.1615598885793872,359
4,721001,2,0.14484679665738162,359
4,721001,3,0.20055710306406685,359
4,721001,4,0.181058495821727,359
4,721001,5,0.1615598885793872,359
4,724501,1,0.20891364902506965,359
4,724501,2,0.14206128133704735,359
4,724501,3,0.1671309192200557,359
4,724501,4,0.181058495821727,359
4,724501,5,0.15041782729805014,359
4,728001,1,0.12534818941504178,359
4,728001,2,0.14763231197771587,359
4,728001,3,0.19498607242339833,359
4,728001,4,0.16434540389972144,359
4,728001,5,0.2116991643454039,359
4,731501,1,0.23119777158774374,359
4,731501,2,0.23119777158774374,359
4,731501,3,0.10863509749303621,359
4,731501,4,0.20891364902506965,359
4,731501,5,0.24233983286908078,359
4,735001,1,0.12534818941504178,359
4,735001,2,0.15877437325905291,359
4,735001,3,0.12813370473537605,359
4,735001,4,0.15041782729805014,359
4,735001,5,0.1615598885793872,359
4,738501,1,0.17270194986072424,359
4,738501,2,0.18662952646239556,359
4,738501,3,0.14763231197771587,359
4,738501,4,0.15598885793871867,359
4,738501,5,0.15598885793871867,359
4,742001,1,0.1894150417827298,359
4,742001,2,0.17270194986072424,359
4,742001,3,0.181058495821727,359
4,742001,4,0.15598885793871867,359
4,742001,5,0.14763231197771587,359
4,745501,1,0.13649025069637882,359
4,745501,2,0.11977715877437325,359
4,745501,3,0.181058495821727,359
4,745501,4,0.181058495821727,359
4,745501,5,0.18662952646239556,359
4,749001,1,0.18384401114206128,359
4,749001,2,0.2590529247910863,359
4,749001,3,0.15598885793871867,359
4,749001,4,0.19498607242339833,359
4,749001,5,0.19498607242339833,359
4,752501,1,0.20055710306406685,359
4,752501,2,0.18384401114206128,359
4,752501,3,0.20055710306406685,359
4,752501,4,0.1615598885793872,359
4,752501,5,0.21448467966573817,359
4,756001,1,0.116991643454039,359
4,756001,2,0.1392757660167131,359
4,756001,3,0.19220055710306408,359
4,756001,4,0.1615598885793872,359
4,756001,5,0.22284122562674094,359
4,759501,1,0.1615598885793872,359
4,759501,2,0.18384401114206128,359
4,759501,3,0.17548746518105848,359
4,759501,4,0.15598885793871867,359
4,759501,5,0.16991643454038996,359
4,763001,1,0.12256267409470752,359
4,763001,2,0.22841225626740946,359
4,763001,3,0.17270194986072424,359
4,763001,4,0.15041782729805014,359
4,763001,5,0.1309192200557103,359
4,766501,1,0.14206128133704735,359
4,766501,2,0.20334261838440112,359
4,766501,3,0.16434540389972144,359
4,766501,4,0.14763231197771587,359
4,766501,5,0.1532033426183844,359
4,770001,1,0.1309192200557103,359
4,770001,2,0.1392757660167131,359
4,770001,3,0.1615598885793872,359
4,770001,4,0.14763231197771587,359
4,770001,5,0.1894150417827298,359
4,773501,1,0.17548746518105848,359
4,773501,2,0.12813370473537605,359
4,773501,3,0.17270194986072424,359
4,773501,4,0.18662952646239556,359
4,773501,5,0.1392757660167131,359
4,777001,1,0.1309192200557103,359
4,777001,2,0.15041782729805014,359
4,777001,3,0.15877437325905291,359
4,777001,4,0.15041782729805014,359
4,777001,5,0.19498607242339833,359
4,780501,1,0.14484679665738162,359
4,780501,2,0.15877437325905291,359
4,780501,3,0.15877437325905291,359
4,780501,4,0.1671309192200557,359
4,780501,5,0.17827298050139276,359
4,784001,1,0.11977715877437325,359
4,784001,2,0.12256267409470752,359
4,784001,3,0.14206128133704735,359
4,784001,4,0.15877437325905291,359
4,784001,5,0.17270194986072424,359
4,787501,1,0.1309192200557103,359
4,787501,2,0.20891364902506965,359
4,787501,3,0.14763231197771587,359
4,787501,4,0.1671309192200557,359
4,787501,5,0.17827298050139276,359
4,791001,1,0.1309192200557103,359
4,791001,2,0.1894150417827298,359
4,791001,3,0.1392757660167131,359
4,791001,4,0.1894150417827298,359
4,791001,5,0.15041782729805014,359
4,794501,1,0.16991643454038996,359
4,794501,2,0.20891364902506965,359
4,794501,3,0.1392757660167131,359
4,794501,4,0.12813370473537605,359
4,794501,5,0.1615598885793872,359
4,798001,1,0.14763231197771587,359
4,798001,2,0.1977715877437326,359
4,798001,3,0.20891364902506965,359
4,798001,4,0.18662952646239556,359
4,798001,5,0.19498607242339833,359
4,801501,1,0.18662952646239556,359
4,801501,2,0.17548746518105848,359
4,801501,3,0.1615598885793872,359
4,801501,4,0.10863509749303621,359
4,801501,5,0.20612813370473537,359
4,805001,1,0.12534818941504178,359
4,805001,2,0.17270194986072424,359
4,805001,3,0.19220055710306408,359
4,805001,4,0.14206128133704735,359
4,805001,5,0.1977715877437326,359
4,808501,1,0.14484679665738162,359
4,808501,2,0.22562674094707522,359
4,808501,3,0.16434540389972144,359
4,808501,4,0.1894150417827298,359
4,808501,5,0.14763231197771587,359
4,812001,1,0.17270194986072424,359
4,812001,2,0.12813370473537605,359
4,812001,3,0.1392757660167131,359
4,812001,4,0.15041782729805014,359
4,812001,5,0.12813370473537605,359
4,815501,1,0.18384401114206128,359
4,815501,2,0.20891364902506965,359
4,815501,3,0.13370473537604458,359
4,815501,4,0.15877437325905291,359
4,815501,5,0.1392757660167131,359
4,819001,1,0.1615598885793872,359
4,819001,2,0.17827298050139276,359
4,819001,3,0.15041782729805014,359
4,819001,4,0.1671309192200557,359
4,819001,5,0.11420612813370473,359
4,822501,1,0.16991643454038996,359
4,822501,2,0.19220055710306408,359
4,822501,3,0.1671309192200557,359
4,822501,4,0.15598885793871867,359
4,822501,5,0.16991643454038996,359
4,826001,1,0.17827298050139276,359
4,826001,2,0.17827298050139276,359
4,826001,3,0.15041782729805014,359
4,826001,4,0.181058495821727,359
4,826001,5,0.17270194986072424,359
4,829501,1,0.1671309192200557,359
4,829501,2,0.1532033426183844,359
4,829501,3,0.15598885793871867,359
4,829501,4,0.20612813370473537,359
4,829501,5,0.17270194986072424,359
4,833001,1,0.17827298050139276,359
4,833001,2,0.1894150417827298,359
4,833001,3,0.11142061281337047,359
4,833001,4,0.17270194986072424,359
4,833001,5,0.14206128133704735,359
4,836501,1,0.20891364902506965,359
4,836501,2,0.14206128133704735,359
4,836501,3,0.1392757660167131,359
4,836501,4,0.18384401114206128,359
4,836501,5,0.13649025069637882,359
4,840001,1,0.1977715877437326,359
4,840001,2,0.13370473537604458,359
4,840001,3,0.15598885793871867,359
4,840001,4,0.18384401114206128,359
4,840001,5,0.17270194986072424,359
4,843501,1,0.10863509749303621,359
4,843501,2,0.1671309192200557,359
4,843501,3,0.17548746518105848,359
4,843501,4,0.17548746518105848,359
4,843501,5,0.20334261838440112,359
4,847001,1,0.1615598885793872,359
4,847001,2,0.13649025069637882,359
4,847001,3,0.15877437325905291,359
4,847001,4,0.16991643454038996,359
4,847001,5,0.23119777158774374,359
4,850501,1,0.19220055710306408,359
4,850501,2,0.14484679665738162,359
4,850501,3,0.14763231197771587,359
4,850501,4,0.15877437325905291,359
4,850501,5,0.16991643454038996,359
4,854001,1,0.19220055710306408,359
4,854001,2,0.21448467966573817,359
4,854001,3,0.13370473537604458,359
4,854001,4,0.1671309192200557,359
4,854001,5,0.15877437325905291,359
4,857501,1,0.181058495821727,359
4,857501,2,0.14763231197771587,359
4,857501,3,0.2116991643454039,359
4,857501,4,0.20612813370473537,359
4,857501,5,0.21448467966573817,359
4,861001,1,0.17827298050139276,359
4,861001,2,0.16434540389972144,359
4,861001,3,0.18662952646239556,359
4,861001,4,0.17270194986072424,359
4,861001,5,0.233983286908078,359
4,864501,1,0.15041782729805014,359
4,864501,2,0.19498607242339833,359
4,864501,3,0.17548746518105848,359
4,864501,4,0.1671309192200557,359
4,864501,5,0.1977715877437326,359
4,868001,1,0.14763231197771587,359
4,868001,2,0.1615598885793872,359
4,868001,3,0.1615598885793872,359
4,868001,4,0.21448467966573817,359
4,868001,5,0.17827298050139276,359
4,871501,1,0.2200557103064067,359
4,871501,2,0.19220055710306408,359
4,871501,3,0.14484679665738162,359
4,871501,4,0.1977715877437326,359
4,871501,5,0.19220055710306408,359
4,875001,1,0.22841225626740946,359
4,875001,2,0.10863509749303621,359
4,875001,3,0.14484679665738162,359
4,875001,4,0.1977715877437326,359
4,875001,5,0.181058495821727,359
4,878501,1,0.1671309192200557,359
4,878501,2,0.20055710306406685,359
4,878501,3,0.15041782729805014,359
4,878501,4,0.14206128133704735,359
4,878501,5,0.181058495821727,359
4,882001,1,0.181058495821727,359
4,882001,2,0.20612813370473537,359
4,882001,3,0.15877437325905291,359
4,882001,4,0.15041782729805014,359
4,882001,5,0.1977715877437326,359
4,885501,1,0.17827298050139276,359
4,885501,2,0.21448467966573817,359
4,885501,3,0.19498607242339833,359
4,885501,4,0.181058495821727,359
4,885501,5,0.22841225626740946,359
4,889001,1,0.1894150417827298,359
4,889001,2,0.1671309192200557,359
4,889001,3,0.1309192200557103,359
4,889001,4,0.17270194986072424,359
4,889001,5,0.14763231197771587,359
4,892501,1,0.16991643454038996,359
4,892501,2,0.17270194986072424,359
4,892501,3,0.14763231197771587,359
4,892501,4,0.1894150417827298,359
4,892501,5,0.1532033426183844,359
4,896001,1,0.1392757660167131,359
4,896001,2,0.181058495821727,359
4,896001,3,0.15598885793871867,359
4,896001,4,0.20891364902506965,359
4,896001,5,0.20612813370473537,359
4,899501,1,0.1615598885793872,359
4,899501,2,0.17270194986072424,359
4,899501,3,0.15877437325905291,359
4,899501,4,0.14484679665738162,359
4,899501,5,0.20055710306406685,359
4,903001,1,0.18384401114206128,359
4,903001,2,0.20612813370473537,359
4,903001,3,0.21727019498607242,359
4,903001,4,0.15877437325905291,359
4,903001,5,0.15877437325905291,359
4,906501,1,0.16434540389972144,359
4,906501,2,0.1977715877437326,359
4,906501,3,0.17270194986072424,359
4,906501,4,0.20055710306406685,359
4,906501,5,0.20891364902506965,359
4,910001,1,0.17270194986072424,359
4,910001,2,0.14484679665738162,359
4,910001,3,0.19220055710306408,359
4,910001,4,0.1977715877437326,359
4,910001,5,0.16991643454038996,359
4,913501,1,0.181058495821727,359
4,913501,2,0.16991643454038996,359
4,913501,3,0.18662952646239556,359
4,913501,4,0.24512534818941503,359
4,913501,5,0.20891364902506965,359
4,917001,1,0.17827298050139276,359
4,917001,2,0.1615598885793872,359
4,917001,3,0.1894150417827298,359
4,917001,4,0.14484679665738162,359
4,917001,5,0.11977715877437325,359
4,920501,1,0.14206128133704735,359
4,920501,2,0.1894150417827298,359
4,920501,3,0.18662952646239556,359
4,920501,4,0.1671309192200557,359
4,920501,5,0.17270194986072424,359
4,924001,1,0.14206128133704735,359
4,924001,2,0.17270194986072424,359
4,924001,3,0.15877437325905291,359
4,924001,4,0.1392757660167131,359
4,924001,5,0.17827298050139276,359
4,927501,1,0.18662952646239556,359
4,927501,2,0.15041782729805014,359
4,927501,3,0.19498607242339833,359
4,927501,4,0.181058495821727,359
4,927501,5,0.19498607242339833,359
4,931001,1,0.17827298050139276,359
4,931001,2,0.16434540389972144,359
4,931001,3,0.16434540389972144,359
4,931001,4,0.18384401114206128,359
4,931001,5,0.20055710306406685,359
4,934501,1,0.14763231197771587,359
4,934501,2,0.17548746518105848,359
4,934501,3,0.15877437325905291,359
4,934501,4,0.18384401114206128,359
4,934501,5,0.17548746518105848,359
4,938001,1,0.17827298050139276,359
4,938001,2,0.18384401114206128,359
4,938001,3,0.2116991643454039,359
4,938001,4,0.1615598885793872,359
4,938001,5,0.16434540389972144,359
4,941501,1,0.1532033426183844,359
4,941501,2,0.20334261838440112,359
4,941501,3,0.22284122562674094,359
4,941501,4,0.19498607242339833,359
4,941501,5,0.1671309192200557,359
4,945001,1,0.17548746518105848,359
4,945001,2,0.1309192200557103,359
4,945001,3,0.10584958217270195,359
4,945001,4,0.20055710306406685,359
4,945001,5,0.181058495821727,359
4,948501,1,0.16991643454038996,359
4,948501,2,0.116991643454039,359
4,948501,3,0.15041782729805014,359
4,948501,4,0.17548746518105848,359
4,948501,5,0.17548746518105848,359
4,952001,1,0.1977715877437326,359
4,952001,2,0.15598885793871867,359
4,952001,3,0.13649025069637882,359
4,952001,4,0.20612813370473537,359
4,952001,5,0.181058495821727,359
4,955501,1,0.17548746518105848,359
4,955501,2,0.13370473537604458,359
4,955501,3,0.16434540389972144,359
4,955501,4,0.18662952646239556,359
4,955501,5,0.11420612813370473,359
4,959001,1,0.16991643454038996,359
4,959001,2,0.12256267409470752,359
4,959001,3,0.18662952646239556,359
4,959001,4,0.12256267409470752,359
4,959001,5,0.181058495821727,359
4,962501,1,0.12813370473537605,359
4,962501,2,0.16991643454038996,359
4,962501,3,0.18662952646239556,359
4,962501,4,0.17548746518105848,359
4,962501,5,0.1977715877437326,359
4,966001,1,0.18384401114206128,359
4,966001,2,0.17548746518105848,359
4,966001,3,0.15598885793871867,359
4,966001,4,0.21448467966573817,359
4,966001,5,0.12534818941504178,359
4,969501,1,0.16991643454038996,359
4,969501,2,0.181058495821727,359
4,969501,3,0.10863509749303621,359
4,969501,4,0.19220055710306408,359
4,969501,5,0.18662952646239556,359
4,973001,1,0.15598885793871867,359
4,973001,2,0.22562674094707522,359
4,973001,3,0.1392757660167131,359
4,973001,4,0.18662952646239556,359
4,973001,5,0.16434540389972144,359
4,976501,1,0.16991643454038996,359
4,976501,2,0.16434540389972144,359
4,976501,3,0.1671309192200557,359
4,976501,4,0.20334261838440112,359
4,976501,5,0.16991643454038996,359
4,980001,1,0.17270194986072424,359
4,980001,2,0.20055710306406685,359
4,980001,3,0.18384401114206128,359
4,980001,4,0.15041782729805014,359
4,980001,5,0.11420612813370473,359
4,983501,1,0.20612813370473537,359
4,983501,2,0.14763231197771587,359
4,983501,3,0.24512534818941503,359
4,983501,4,0.116991643454039,359
4,983501,5,0.14484679665738162,359
4,987001,1,0.14484679665738162,359
4,987001,2,0.16991643454038996,359
4,987001,3,0.25069637883008355,359
4,987001,4,0.13370473537604458,359
4,987001,5,0.1309192200557103,359
4,990501,1,0.1671309192200557,359
4,990501,2,0.14206128133704735,359
4,990501,3,0.14763231197771587,359
4,990501,4,0.12813370473537605,359
4,990501,5,0.233983286908078,359
4,994001,1,0.16434540389972144,359
4,994001,2,0.17827298050139276,359
4,994001,3,0.16434540389972144,359
4,994001,4,0.1671309192200557,359
4,994001,5,0.17548746518105848,359
4,997501,1,0.17270194986072424,359
4,997501,2,0.18384401114206128,359
4,997501,3,0.18662952646239556,359
4,997501,4,0.18662952646239556,359
4,997501,5,0.14484679665738162,359
5,301001,1,0.12075471698113208,265
5,301001,2,0.15471698113207547,265
5,301001,3,0.16226415094339622,265
5,301001,4,0.15471698113207547,265
5,301001,5,0.15471698113207547,265
5,304501,1,0.1509433962264151,265
5,304501,2,0.1660377358490566,265
5,304501,3,0.17358490566037735,265
5,304501,4,0.10566037735849057,265
5,304501,5,0.12452830188679245,265
5,308001,1,0.1320754716981132,265
5,308001,2,0.12075471698113208,265
5,308001,3,0.1320754716981132,265
5,308001,4,0.10566037735849057,265
5,308001,5,0.11320754716981132,265
5,311501,1,0.1471698113207547,265
5,311501,2,0.15471698113207547,265
5,311501,3,0.09811320754716982,265
5,311501,4,0.15471698113207547,265
5,311501,5,0.16981132075471697,265
5,315001,1,0.13962264150943396,265
5,315001,2,0.1811320754716981,265
5,315001,3,0.1509433962264151,265
5,315001,4,0.16981132075471697,265
5,315001,5,0.19245283018867926,265
5,318501,1,0.17358490566037735,265
5,318501,2,0.11320754716981132,265
5,318501,3,0.12830188679245283,265
5,318501,4,0.1509433962264151,265
5,318501,5,0.1018867924528302,265
5,322001,1,0.1509433962264151,265
5,322001,2,0.16981132075471697,265
5,322001,3,0.15849056603773584,265
5,322001,4,0.1471698113207547,265
5,322001,5,0.1471698113207547,265
5,325501,1,0.15471698113207547,265
5,325501,2,0.15471698113207547,265
5,325501,3,0.1660377358490566,265
5,325501,4,0.1169811320754717,265
5,325501,5,0.15471698113207547,265
5,329001,1,0.12075471698113208,265
5,329001,2,0.17735849056603772,265
5,329001,3,0.15471698113207547,265
5,329001,4,0.14339622641509434,265
5,329001,5,0.1471698113207547,265
5,332501,1,0.13962264150943396,265
5,332501,2,0.16981132075471697,265
5,332501,3,0.1660377358490566,265
5,332501,4,0.13962264150943396,265
5,332501,5,0.1320754716981132,265
5,336001,1,0.1320754716981132,265
5,336001,2,0.1320754716981132,265
5,336001,3,0.13584905660377358,265
5,336001,4,0.14339622641509434,265
5,336001,5,0.11320754716981132,265
5,339501,1,0.1509433962264151,265
5,339501,2,0.12075471698113208,265
5,339501,3,0.13962264150943396,265
5,339501,4,0.1471698113207547,265
5,339501,5,0.1320754716981132,265
5,343001,1,0.1320754716981132,265
5,343001,2,0.10566037735849057,265
5,343001,3,0.1509433962264151,265
5,343001,4,0.1018867924528302,265
5,343001,5,0.13584905660377358,265
5,346501,1,0.15471698113207547,265
5,346501,2,0.15471698113207547,265
5,346501,3,0.12452830188679245,265
5,346501,4,0.10943396226415095,265
5,346501,5,0.1320754716981132,265
5,350001,1,0.16981132075471697,265
5,350001,2,0.15471698113207547,265
5,350001,3,0.12452830188679245,265
5,350001,4,0.1169811320754717,265
5,350001,5,0.09811320754716982,265
5,353501,1,0.17358490566037735,265
5,353501,2,0.15471698113207547,265
5,353501,3,0.12830188679245283,265
5,353501,4,0.1811320754716981,265
5,353501,5,0.12830188679245283,265
5,357001,1,0.13584905660377358,265
5,357001,2,0.16981132075471697,265
5,357001,3,0.1320754716981132,265
5,357001,4,0.14339622641509434,265
5,357001,5,0.12830188679245283,265
5,360501,1,0.13584905660377358,265
5,360501,2,0.16226415094339622,265
5,360501,3,0.1509433962264151,265
5,360501,4,0.17735849056603772,265
5,360501,5,0.12830188679245283,265
5,364001,1,0.14339622641509434,265
5,364001,2,0.12452830188679245,265
5,364001,3,0.19622641509433963,265
5,364001,4,0.13584905660377358,265
5,364001,5,0.17358490566037735,265
5,367501,1,0.13962264150943396,265
5,367501,2,0.12452830188679245,265
5,367501,3,0.15471698113207547,265
5,367501,4,0.13962264150943396,265
5,367501,5,0.13962264150943396,265
5,371001,1,0.17358490566037735,265
5,371001,2,0.18490566037735848,265
5,371001,3,0.1811320754716981,265
5,371001,4,0.15849056603773584,265
5,371001,5,0.12830188679245283,265
5,374501,1,0.1471698113207547,265
5,374501,2,0.1320754716981132,265
5,374501,3,0.1320754716981132,265
5,374501,4,0.15471698113207547,265
5,374501,5,0.19245283018867926,265
5,378001,1,0.1509433962264151,265
5,378001,2,0.09811320754716982,265
5,378001,3,0.17358490566037735,265
5,378001,4,0.1471698113207547,265
5,378001,5,0.1169811320754717,265
5,381501,1,0.17358490566037735,265
5,381501,2,0.1509433962264151,265
5,381501,3,0.15849056603773584,265
5,381501,4,0.1320754716981132,265
5,381501,5,0.12452830188679245,265
5,385001,1,0.13584905660377358,265
5,385001,2,0.09811320754716982,265
5,385001,3,0.13584905660377358,265
5,385001,4,0.11320754716981132,265
5,385001,5,0.11320754716981132,265
5,388501,1,0.11320754716981132,265
5,388501,2,0.10566037735849057,265
5,388501,3,0.1471698113207547,265
5,388501,4,0.1811320754716981,265
5,388501,5,0.15849056603773584,265
5,392001,1,0.16226415094339622,265
5,392001,2,0.15849056603773584,265
5,392001,3,0.12830188679245283,265
5,392001,4,0.12452830188679245,265
5,392001,5,0.1660377358490566,265
5,395501,1,0.1509433962264151,265
5,395501,2,0.11320754716981132,265
5,395501,3,0.16226415094339622,265
5,395501,4,0.1018867924528302,265
5,395501,5,0.1509433962264151,265
5,399001,1,0.1509433962264151,265
5,399001,2,0.17735849056603772,265
5,399001,3,0.13962264150943396,265
5,399001,4,0.12075471698113208,265
5,399001,5,0.1509433962264151,265
5,402501,1,0.17735849056603772,265
5,402501,2,0.14339622641509434,265
5,402501,3,0.12830188679245283,265
5,402501,4,0.16981132075471697,265
5,402501,5,0.1320754716981132,265
5,406001,1,0.12830188679245283,265
5,406001,2,0.14339622641509434,265
5,406001,3,0.13584905660377358,265
5,406001,4,0.17735849056603772,265
5,406001,5,0.10566037735849057,265
5,409501,1,0.1471698113207547,265
5,409501,2,0.12075471698113208,265
5,409501,3,0.14339622641509434,265
5,409501,4,0.16226415094339622,265
5,409501,5,0.1471698113207547,265
5,413001,1,0.14339622641509434,265
5,413001,2,0.15849056603773584,265
5,413001,3,0.14339622641509434,265
5,413001,4,0.11320754716981132,265
5,413001,5,0.1509433962264151,265
5,416501,1,0.15849056603773584,265
5,416501,2,0.11320754716981132,265
5,416501,3,0.1509433962264151,265
5,416501,4,0.14339622641509434,265
5,416501,5,0.1320754716981132,265
5,420001,1,0.17358490566037735,265
5,420001,2,0.13962264150943396,265
5,420001,3,0.16226415094339622,265
5,420001,4,0.1320754716981132,265
5,420001,5,0.1169811320754717,265
5,423501,1,0.18490566037735848,265
5,423501,2,0.12830188679245283,265
5,423501,3,0.12830188679245283,265
5,423501,4,0.15471698113207547,265
5,423501,5,0.15849056603773584,265
5,427001,1,0.12452830188679245,265
5,427001,2,0.17735849056603772,265
5,427001,3,0.1320754716981132,265
5,427001,4,0.12830188679245283,265
5,427001,5,0.17735849056603772,265
5,430501,1,0.17358490566037735,265
5,430501,2,0.13584905660377358,265
5,430501,3,0.14339622641509434,265
5,430501,4,0.1320754716981132,265
5,430501,5,0.12075471698113208,265
5,434001,1,0.14339622641509434,265
5,434001,2,0.14339622641509434,265
5,434001,3,0.1471698113207547,265
5,434001,4,0.16226415094339622,265
5,434001,5,0.16981132075471697,265
5,437501,1,0.1509433962264151,265
5,437501,2,0.1471698113207547,265
5,437501,3,0.12452830188679245,265
5,437501,4,0.19622641509433963,265
5,437501,5,0.1471698113207547,265
5,441001,1,0.1169811320754717,265
5,441001,2,0.13962264150943396,265
5,441001,3,0.13962264150943396,265
5,441001,4,0.1169811320754717,265
5,441001,5,0.10566037735849057,265
5,444501,1,0.13962264150943396,265
5,444501,2,0.15471698113207547,265
5,444501,3,0.1471698113207547,265
5,444501,4,0.1169811320754717,265
5,444501,5,0.14339622641509434,265
5,448001,1,0.13584905660377358,265
5,448001,2,0.2,265
5,448001,3,0.10943396226415095,265
5,448001,4,0.1509433962264151,265
5,448001,5,0.19622641509433963,265
5,451501,1,0.13584905660377358,265
5,451501,2,0.12075471698113208,265
5,451501,3,0.1169811320754717,265
5,451501,4,0.1509433962264151,265
5,451501,5,0.12830188679245283,265
5,455001,1,0.13962264150943396,265
5,455001,2,0.13962264150943396,265
5,455001,3,0.13584905660377358,265
5,455001,4,0.12075471698113208,265
5,455001,5,0.1169811320754717,265
5,458501,1,0.10943396226415095,265
5,458501,2,0.16981132075471697,265
5,458501,3,0.1509433962264151,265
5,458501,4,0.1660377358490566,265
5,458501,5,0.12830188679245283,265
5,462001,1,0.13962264150943396,265
5,462001,2,0.19622641509433963,265
5,462001,3,0.12452830188679245,265
5,462001,4,0.17358490566037735,265
5,462001,5,0.12075471698113208,265
5,465501,1,0.15849056603773584,265
5,465501,2,0.19622641509433963,265
5,465501,3,0.13962264150943396,265
5,465501,4,0.1660377358490566,265
5,465501,5,0.1660377358490566,265
5,469001,1,0.12830188679245283,265
5,469001,2,0.16981132075471697,265
5,469001,3,0.1018867924528302,265
5,469001,4,0.15471698113207547,265
5,469001,5,0.1509433962264151,265
5,472501,1,0.09056603773584905,265
5,472501,2,0.13962264150943396,265
5,472501,3,0.14339622641509434,265
5,472501,4,0.18490566037735848,265
5,472501,5,0.2037735849056604,265
5,476001,1,0.09433962264150944,265
5,476001,2,0.1660377358490566,265
5,476001,3,0.12075471698113208,265
5,476001,4,0.1471698113207547,265
5,476001,5,0.17735849056603772,265
5,479501,1,0.12830188679245283,265
5,479501,2,0.1471698113207547,265
5,479501,3,0.16226415094339622,265
5,479501,4,0.20754716981132076,265
5,479501,5,0.1320754716981132,265
5,483001,1,0.12452830188679245,265
5,483001,2,0.15471698113207547,265
5,483001,3,0.1471698113207547,265
5,483001,4,0.10943396226415095,265
5,483001,5,0.1169811320754717,265
5,486501,1,0.15471698113207547,265
5,486501,2,0.15471698113207547,265
5,486501,3,0.17735849056603772,265
5,486501,4,0.13962264150943396,265
5,486501,5,0.16226415094339622,265
5,490001,1,0.14339622641509434,265
5,490001,2,0.16226415094339622,265
5,490001,3,0.1509433962264151,265
5,490001,4,0.13584905660377358,265
5,490001,5,0.12452830188679245,265
5,493501,1,0.1660377358490566,265
5,493501,2,0.12075471698113208,265
5,493501,3,0.1509433962264151,265
5,493501,4,0.10943396226415095,265
5,493501,5,0.12830188679245283,265
5,497001,1,0.15849056603773584,265
5,497001,2,0.18490566037735848,265
5,497001,3,0.17358490566037735,265
5,497001,4,0.12075471698113208,265
5,497001,5,0.13962264150943396,265
5,500501,1,0.13962264150943396,265
5,500501,2,0.14339622641509434,265
5,500501,3,0.14339622641509434,265
5,500501,4,0.1509433962264151,265
5,500501,5,0.15471698113207547,265
5,504001,1,0.1320754716981132,265
5,504001,2,0.1320754716981132,265
5,504001,3,0.16981132075471697,265
5,504001,4,0.1320754716981132,265
5,504001,5,0.1471698113207547,265
5,507501,1,0.12452830188679245,265
5,507501,2,0.18867924528301888,265
5,507501,3,0.1811320754716981,265
5,507501,4,0.1811320754716981,265
5,507501,5,0.15849056603773584,265
5,511001,1,0.15849056603773584,265
5,511001,2,0.10943396226415095,265
5,511001,3,0.1509433962264151,265
5,511001,4,0.12830188679245283,265
5,511001,5,0.16226415094339622,265
5,514501,1,0.19622641509433963,265
5,514501,2,0.1811320754716981,265
5,514501,3,0.1660377358490566,265
5,514501,4,0.15471698113207547,265
5,514501,5,0.1509433962264151,265
5,518001,1,0.1471698113207547,265
5,518001,2,0.1471698113207547,265
5,518001,3,0.17735849056603772,265
5,518001,4,0.12452830188679245,265
5,518001,5,0.14339622641509434,265
5,521501,1,0.10566037735849057,265
5,521501,2,0.13584905660377358,265
5,521501,3,0.16226415094339622,265
5,521501,4,0.17735849056603772,265
5,521501,5,0.13962264150943396,265
5,525001,1,0.1471698113207547,265
5,525001,2,0.1471698113207547,265
5,525001,3,0.1471698113207547,265
5,525001,4,0.09433962264150944,265
5,525001,5,0.1660377358490566,265
5,528501,1,0.1509433962264151,265
5,528501,2,0.17358490566037735,265
5,528501,3,0.12075471698113208,265
5,528501,4,0.1320754716981132,265
5,528501,5,0.16226415094339622,265
5,532001,1,0.17358490566037735,265
5,532001,2,0.13584905660377358,265
5,532001,3,0.1509433962264151,265
5,532001,4,0.1169811320754717,265
5,532001,5,0.1471698113207547,265
5,535501,1,0.14339622641509434,265
5,535501,2,0.1660377358490566,265
5,535501,3,0.12830188679245283,265
5,535501,4,0.1811320754716981,265
5,535501,5,0.17735849056603772,265
5,539001,1,0.15849056603773584,265
5,539001,2,0.1169811320754717,265
5,539001,3,0.17735849056603772,265
5,539001,4,0.18867924528301888,265
5,539001,5,0.1660377358490566,265
5,542501,1,0.1320754716981132,265
5,542501,2,0.12830188679245283,265
5,542501,3,0.15471698113207547,265
5,542501,4,0.12452830188679245,265
5,542501,5,0.1169811320754717,265
5,546001,1,0.15849056603773584,265
5,546001,2,0.12452830188679245,265
5,546001,3,0.12830188679245283,265
5,546001,4,0.11320754716981132,265
5,546001,5,0.1660377358490566,265
5,549501,1,0.15471698113207547,265
5,549501,2,0.12452830188679245,265
5,549501,3,0.1509433962264151,265
5,549501,4,0.12830188679245283,265
5,549501,5,0.11320754716981132,265
5,553001,1,0.12075471698113208,265
5,553001,2,0.14339622641509434,265
5,553001,3,0.15849056603773584,265
5,553001,4,0.17735849056603772,265
5,553001,5,0.1018867924528302,265
5,556501,1,0.17358490566037735,265
5,556501,2,0.1320754716981132,265
5,556501,3,0.17735849056603772,265
5,556501,4,0.12075471698113208,265
5,556501,5,0.1471698113207547,265
5,560001,1,0.17735849056603772,265
5,560001,2,0.1471698113207547,265
5,560001,3,0.14339622641509434,265
5,560001,4,0.15849056603773584,265
5,560001,5,0.17735849056603772,265
5,563501,1,0.12830188679245283,265
5,563501,2,0.12452830188679245,265
5,563501,3,0.1509433962264151,265
5,563501,4,0.1169811320754717,265
5,563501,5,0.1169811320754717,265
5,567001,1,0.1660377358490566,265
5,567001,2,0.16226415094339622,265
5,567001,3,0.10943396226415095,265
5,567001,4,0.15849056603773584,265
5,567001,5,0.1471698113207547,265
5,570501,1,0.15849056603773584,265
5,570501,2,0.13584905660377358,265
5,570501,3,0.13584905660377358,265
5,570501,4,0.18490566037735848,265
5,570501,5,0.12075471698113208,265
5,574001,1,0.1169811320754717,265
5,574001,2,0.15849056603773584,265
5,574001,3,0.12075471698113208,265
5,574001,4,0.13584905660377358,265
5,574001,5,0.15471698113207547,265
5,577501,1,0.14339622641509434,265
5,577501,2,0.16981132075471697,265
5,577501,3,0.15849056603773584,265
5,577501,4,0.11320754716981132,265
5,577501,5,0.17735849056603772,265
5,581001,1,0.1660377358490566,265
5,581001,2,0.1018867924528302,265
5,581001,3,0.12830188679245283,265
5,581001,4,0.17358490566037735,265
5,581001,5,0.1811320754716981,265
5,584501,1,0.1320754716981132,265
5,584501,2,0.1471698113207547,265
5,584501,3,0.16226415094339622,265
5,584501,4,0.15849056603773584,265
5,584501,5,0.12452830188679245,265
5,588001,1,0.1320754716981132,265
5,588001,2,0.16226415094339622,265
5,588001,3,0.19245283018867926,265
5,588001,4,0.17358490566037735,265
5,588001,5,0.14339622641509434,265
5,591501,1,0.18867924528301888,265
5,591501,2,0.19622641509433963,265
5,591501,3,0.10943396226415095,265
5,591501,4,0.13584905660377358,265
5,591501,5,0.1811320754716981,265
5,595001,1,0.13584905660377358,265
5,595001,2,0.15471698113207547,265
5,595001,3,0.12452830188679245,265
5,595001,4,0.13962264150943396,265
5,595001,5,0.19622641509433963,265
5,598501,1,0.1509433962264151,265
5,598501,2,0.12830188679245283,265
5,598501,3,0.14339622641509434,265
5,598501,4,0.19245283018867926,265
5,598501,5,0.15471698113207547,265
5,602001,1,0.09056603773584905,265
5,602001,2,0.12075471698113208,265
5,602001,3,0.12830188679245283,265
5,602001,4,0.1660377358490566,265
5,602001,5,0.14339622641509434,265
5,605501,1,0.13962264150943396,265
5,605501,2,0.17358490566037735,265
5,605501,3,0.1509433962264151,265
5,605501,4,0.12830188679245283,265
5,605501,5,0.16981132075471697,265
5,609001,1,0.11320754716981132,265
5,609001,2,0.1509433962264151,265
5,609001,3,0.12830188679245283,265
5,609001,4,0.1320754716981132,265
5,609001,5,0.16226415094339622,265
5,612501,1,0.14339622641509434,265
5,612501,2,0.14339622641509434,265
5,612501,3,0.15849056603773584,265
5,612501,4,0.1471698113207547,265
5,612501,5,0.19622641509433963,265
5,616001,1,0.12830188679245283,265
5,616001,2,0.17735849056603772,265
5,616001,3,0.08679245283018867,265
5,616001,4,0.1471698113207547,265
5,616001,5,0.12452830188679245,265
5,619501,1,0.18490566037735848,265
5,619501,2,0.17735849056603772,265
5,619501,3,0.16226415094339622,265
5,619501,4,0.1169811320754717,265
5,619501,5,0.10943396226415095,265
5,623001,1,0.1509433962264151,265
5,623001,2,0.16226415094339622,265
5,623001,3,0.10943396226415095,265
5,623001,4,0.17358490566037735,265
5,623001,5,0.16981132075471697,265
5,626501,1,0.16226415094339622,265
5,626501,2,0.16981132075471697,265
5,626501,3,0.12830188679245283,265
5,626501,4,0.13962264150943396,265
5,626501,5,0.18490566037735848,265
5,630001,1,0.1471698113207547,265
5,630001,2,0.2,265
5,630001,3,0.1320754716981132,265
5,630001,4,0.1811320754716981,265
5,630001,5,0.14339622641509434,265
5,633501,1,0.10566037735849057,265
5,633501,2,0.18490566037735848,265
5,633501,3,0.12075471698113208,265
5,633501,4,0.13962264150943396,265
5,633501,5,0.1660377358490566,265
5,637001,1,0.1509433962264151,265
5,637001,2,0.11320754716981132,265
5,637001,3,0.15849056603773584,265
5,637001,4,0.1660377358490566,265
5,637001,5,0.10943396226415095,265
5,640501,1,0.1660377358490566,265
5,640501,2,0.1320754716981132,265
5,640501,3,0.09811320754716982,265
5,640501,4,0.13584905660377358,265
5,640501,5,0.12830188679245283,265
5,644001,1,0.18867924528301888,265
5,644001,2,0.10566037735849057,265
5,644001,3,0.16226415094339622,265
5,644001,4,0.13962264150943396,265
5,644001,5,0.1509433962264151,265
5,647501,1,0.13962264150943396,265
5,647501,2,0.13584905660377358,265
5,647501,3,0.13962264150943396,265
5,647501,4,0.1509433962264151,265
5,647501,5,0.12075471698113208,265
5,651001,1,0.09056603773584905,265
5,651001,2,0.17735849056603772,265
5,651001,3,0.14339622641509434,265
5,651001,4,0.16226415094339622,265
5,651001,5,0.15471698113207547,265
5,654501,1,0.1811320754716981,265
5,654501,2,0.16226415094339622,265
5,654501,3,0.16226415094339622,265
5,654501,4,0.10943396226415095,265
5,654501,5,0.1660377358490566,265
5,658001,1,0.16981132075471697,265
5,658001,2,0.12830188679245283,265
5,658001,3,0.18490566037735848,265
5,658001,4,0.12452830188679245,265
5,658001,5,0.13962264150943396,265
5,661501,1,0.1320754716981132,265
5,661501,2,0.12452830188679245,265
5,661501,3,0.16981132075471697,265
5,661501,4,0.15849056603773584,265
5,661501,5,0.13962264150943396,265
5,665001,1,0.15471698113207547,265
5,665001,2,0.21132075471698114,265
5,665001,3,0.1509433962264151,265
5,665001,4,0.16226415094339622,265
5,665001,5,0.15849056603773584,265
5,668501,1,0.1509433962264151,265
5,668501,2,0.1018867924528302,265
5,668501,3,0.1018867924528302,265
5,668501,4,0.17358490566037735,265
5,668501,5,0.1320754716981132,265
5,672001,1,0.18490566037735848,265
5,672001,2,0.16981132075471697,265
5,672001,3,0.14339622641509434,265
5,672001,4,0.15849056603773584,265
5,672001,5,0.16226415094339622,265
5,675501,1,0.16981132075471697,265
5,675501,2,0.1169811320754717,265
5,675501,3,0.1509433962264151,265
5,675501,4,0.14339622641509434,265
5,675501,5,0.1018867924528302,265
5,679001,1,0.16981132075471697,265
5,679001,2,0.14339622641509434,265
5,679001,3,0.1471698113207547,265
5,679001,4,0.10943396226415095,265
5,679001,5,0.17735849056603772,265
5,682501,1,0.14339622641509434,265
5,682501,2,0.13962264150943396,265
5,682501,3,0.14339622641509434,265
5,682501,4,0.1471698113207547,265
5,682501,5,0.08679245283018867,265
5,686001,1,0.13962264150943396,265
5,686001,2,0.13962264150943396,265
5,686001,3,0.14339622641509434,265
5,686001,4,0.1660377358490566,265
5,686001,5,0.16981132075471697,265
5,689501,1,0.09811320754716982,265
5,689501,2,0.1169811320754717,265
5,689501,3,0.09811320754716982,265
5,689501,4,0.13962264150943396,265
5,689501,5,0.1509433962264151,265
5,693001,1,0.13584905660377358,265
5,693001,2,0.16981132075471697,265
5,693001,3,0.17358490566037735,265
5,693001,4,0.12075471698113208,265
5,693001,5,0.1471698113207547,265
5,696501,1,0.12452830188679245,265
5,696501,2,0.1018867924528302,265
5,696501,3,0.13584905660377358,265
5,696501,4,0.15849056603773584,265
5,696501,5,0.1471698113207547,265
5,700001,1,0.16226415094339622,265
5,700001,2,0.14339622641509434,265
5,700001,3,0.10566037735849057,265
5,700001,4,0.15849056603773584,265
5,700001,5,0.1471698113207547,265
5,703501,1,0.13584905660377358,265
5,703501,2,0.1660377358490566,265
5,703501,3,0.1471698113207547,265
5,703501,4,0.13584905660377358,265
5,703501,5,0.19245283018867926,265
5,707001,1,0.13962264150943396,265
5,707001,2,0.1660377358490566,265
5,707001,3,0.1509433962264151,265
5,707001,4,0.1169811320754717,265
5,707001,5,0.11320754716981132,265
5,710501,1,0.13584905660377358,265
5,710501,2,0.13962264150943396,265
5,710501,3,0.16226415094339622,265
5,710501,4,0.1660377358490566,265
5,710501,5,0.15471698113207547,265
5,714001,1,0.1660377358490566,265
5,714001,2,0.13962264150943396,265
5,714001,3,0.1471698113207547,265
5,714001,4,0.16981132075471697,265
5,714001,5,0.14339622641509434,265
5,717501,1,0.1509433962264151,265
5,717501,2,0.1169811320754717,265
5,717501,3,0.17735849056603772,265
5,717501,4,0.12452830188679245,265
5,717501,5,0.15471698113207547,265
5,721001,1,0.16226415094339622,265
5,721001,2,0.1660377358490566,265
5,721001,3,0.1660377358490566,265
5,721001,4,0.16981132075471697,265
5,721001,5,0.1811320754716981,265
5,724501,1,0.12830188679245283,265
5,724501,2,0.16226415094339622,265
5,724501,3,0.1471698113207547,265
5,724501,4,0.1471698113207547,265
5,724501,5,0.12452830188679245,265
5,728001,1,0.15471698113207547,265
5,728001,2,0.14339622641509434,265
5,728001,3,0.10943396226415095,265
5,728001,4,0.1471698113207547,265
5,728001,5,0.15849056603773584,265
5,731501,1,0.1169811320754717,265
5,731501,2,0.1018867924528302,265
5,731501,3,0.18867924528301888,265
5,731501,4,0.09056603773584905,265
5,731501,5,0.12452830188679245,265
5,735001,1,0.16981132075471697,265
5,735001,2,0.12830188679245283,265
5,735001,3,0.1169811320754717,265
5,735001,4,0.19245283018867926,265
5,735001,5,0.16981132075471697,265
5,738501,1,0.10943396226415095,265
5,738501,2,0.14339622641509434,265
5,738501,3,0.17735849056603772,265
5,738501,4,0.13584905660377358,265
5,738501,5,0.1471698113207547,265
5,742001,1,0.10943396226415095,265
5,742001,2,0.12452830188679245,265
5,742001,3,0.15471698113207547,265
5,742001,4,0.1660377358490566,265
5,742001,5,0.17358490566037735,265
5,745501,1,0.1018867924528302,265
5,745501,2,0.12075471698113208,265
5,745501,3,0.1509433962264151,265
5,745501,4,0.1509433962264151,265
5,745501,5,0.14339622641509434,265
5,749001,1,0.1018867924528302,265
5,749001,2,0.1320754716981132,265
5,749001,3,0.15849056603773584,265
5,749001,4,0.1320754716981132,265
5,749001,5,0.1811320754716981,265
5,752501,1,0.09433962264150944,265
5,752501,2,0.13962264150943396,265
5,752501,3,0.14339622641509434,265
5,752501,4,0.1811320754716981,265
5,752501,5,0.12452830188679245,265
5,756001,1,0.17735849056603772,265
5,756001,2,0.1320754716981132,265
5,756001,3,0.13584905660377358,265
5,756001,4,0.2188679245283019,265
5,756001,5,0.1811320754716981,265
5,759501,1,0.12452830188679245,265
5,759501,2,0.1660377358490566,265
5,759501,3,0.1320754716981132,265
5,759501,4,0.18490566037735848,265
5,759501,5,0.1471698113207547,265
5,763001,1,0.17358490566037735,265
5,763001,2,0.12830188679245283,265
5,763001,3,0.16226415094339622,265
5,763001,4,0.1660377358490566,265
5,763001,5,0.17358490566037735,265
5,766501,1,0.16226415094339622,265
5,766501,2,0.12452830188679245,265
5,766501,3,0.21132075471698114,265
5,766501,4,0.14339622641509434,265
5,766501,5,0.16226415094339622,265
5,770001,1,0.1320754716981132,265
5,770001,2,0.1509433962264151,265
5,770001,3,0.19245283018867926,265
5,770001,4,0.19245283018867926,265
5,770001,5,0.15471698113207547,265
5,773501,1,0.1169811320754717,265
5,773501,2,0.15471698113207547,265
5,773501,3,0.16226415094339622,265
5,773501,4,0.1660377358490566,265
5,773501,5,0.11320754716981132,265
5,777001,1,0.12830188679245283,265
5,777001,2,0.1509433962264151,265
5,777001,3,0.15471698113207547,265
5,777001,4,0.13962264150943396,265
5,777001,5,0.1018867924528302,265
5,780501,1,0.11320754716981132,265
5,780501,2,0.1509433962264151,265
5,780501,3,0.13584905660377358,265
5,780501,4,0.1471698113207547,265
5,780501,5,0.15849056603773584,265
5,784001,1,0.1660377358490566,265
5,784001,2,0.17358490566037735,265
5,784001,3,0.13962264150943396,265
5,784001,4,0.1509433962264151,265
5,784001,5,0.13962264150943396,265
5,787501,1,0.12452830188679245,265
5,787501,2,0.16981132075471697,265
5,787501,3,0.18490566037735848,265
5,787501,4,0.1811320754716981,265
5,787501,5,0.12830188679245283,265
5,791001,1,0.1660377358490566,265
5,791001,2,0.19622641509433963,265
5,791001,3,0.1320754716981132,265
5,791001,4,0.14339622641509434,265
5,791001,5,0.10943396226415095,265
5,794501,1,0.13584905660377358,265
5,794501,2,0.12075471698113208,265
5,794501,3,0.12452830188679245,265
5,794501,4,0.12075471698113208,265
5,794501,5,0.15471698113207547,265
5,798001,1,0.16981132075471697,265
5,798001,2,0.14339622641509434,265
5,798001,3,0.12830188679245283,265
5,798001,4,0.1320754716981132,265
5,798001,5,0.13962264150943396,265
5,801501,1,0.17735849056603772,265
5,801501,2,0.12830188679245283,265
5,801501,3,0.12075471698113208,265
5,801501,4,0.2,265
5,801501,5,0.10943396226415095,265
5,805001,1,0.1320754716981132,265
5,805001,2,0.1660377358490566,265
5,805001,3,0.12452830188679245,265
5,805001,4,0.1509433962264151,265
5,805001,5,0.12075471698113208,265
5,808501,1,0.1509433962264151,265
5,808501,2,0.12452830188679245,265
5,808501,3,0.1471698113207547,265
5,808501,4,0.09433962264150944,265
5,808501,5,0.12452830188679245,265
5,812001,1,0.16226415094339622,265
5,812001,2,0.10566037735849057,265
5,812001,3,0.14339622641509434,265
5,812001,4,0.15849056603773584,265
5,812001,5,0.1320754716981132,265
5,815501,1,0.12830188679245283,265
5,815501,2,0.1471698113207547,265
5,815501,3,0.17358490566037735,265
5,815501,4,0.14339622641509434,265
5,815501,5,0.1471698113207547,265
5,819001,1,0.13962264150943396,265
5,819001,2,0.1811320754716981,265
5,819001,3,0.16981132075471697,265
5,819001,4,0.16226415094339622,265
5,819001,5,0.15471698113207547,265
5,822501,1,0.12452830188679245,265
5,822501,2,0.13962264150943396,265
5,822501,3,0.17735849056603772,265
5,822501,4,0.1660377358490566,265
5,822501,5,0.1471698113207547,265
5,826001,1,0.17358490566037735,265
5,826001,2,0.16226415094339622,265
5,826001,3,0.15471698113207547,265
5,826001,4,0.1018867924528302,265
5,826001,5,0.15849056603773584,265
5,829501,1,0.17735849056603772,265
5,829501,2,0.18490566037735848,265
5,829501,3,0.1509433962264151,265
5,829501,4,0.1320754716981132,265
5,829501,5,0.13962264150943396,265
5,833001,1,0.16981132075471697,265
5,833001,2,0.12830188679245283,265
5,833001,3,0.17735849056603772,265
5,833001,4,0.17735849056603772,265
5,833001,5,0.16981132075471697,265
5,836501,1,0.12830188679245283,265
5,836501,2,0.1660377358490566,265
5,836501,3,0.15471698113207547,265
5,836501,4,0.12075471698113208,265
5,836501,5,0.12075471698113208,265
5,840001,1,0.1320754716981132,265
5,840001,2,0.1509433962264151,265
5,840001,3,0.15471698113207547,265
5,840001,4,0.1471698113207547,265
5,840001,5,0.10943396226415095,265
5,843501,1,0.20754716981132076,265
5,843501,2,0.12830188679245283,265
5,843501,3,0.12452830188679245,265
5,843501,4,0.13962264150943396,265
5,843501,5,0.11320754716981132,265
5,847001,1,0.18490566037735848,265
5,847001,2,0.12452830188679245,265
5,847001,3,0.1471698113207547,265
5,847001,4,0.19622641509433963,265
5,847001,5,0.10566037735849057,265
5,850501,1,0.1660377358490566,265
5,850501,2,0.17358490566037735,265
5,850501,3,0.16981132075471697,265
5,850501,4,0.1509433962264151,265
5,850501,5,0.17735849056603772,265
5,854001,1,0.1471698113207547,265
5,854001,2,0.12075471698113208,265
5,854001,3,0.1509433962264151,265
5,854001,4,0.12830188679245283,265
5,854001,5,0.15471698113207547,265
5,857501,1,0.19622641509433963,265
5,857501,2,0.11320754716981132,265
5,857501,3,0.1509433962264151,265
5,857501,4,0.14339622641509434,265
5,857501,5,0.16981132075471697,265
5,861001,1,0.11320754716981132,265
5,861001,2,0.18867924528301888,265
5,861001,3,0.10943396226415095,265
5,861001,4,0.17358490566037735,265
5,861001,5,0.1320754716981132,265
5,864501,1,0.1320754716981132,265
5,864501,2,0.2,265
5,864501,3,0.1471698113207547,265
5,864501,4,0.1811320754716981,265
5,864501,5,0.15471698113207547,265
5,868001,1,0.18490566037735848,265
5,868001,2,0.17735849056603772,265
5,868001,3,0.16981132075471697,265
5,868001,4,0.1509433962264151,265
5,868001,5,0.13584905660377358,265
5,871501,1,0.14339622641509434,265
5,871501,2,0.14339622641509434,265
5,871501,3,0.1320754716981132,265
5,871501,4,0.14339622641509434,265
5,871501,5,0.12452830188679245,265
5,875001,1,0.12075471698113208,265
5,875001,2,0.17735849056603772,265
5,875001,3,0.12452830188679245,265
5,875001,4,0.16981132075471697,265
5,875001,5,0.07169811320754717,265
5,878501,1,0.1509433962264151,265
5,878501,2,0.15849056603773584,265
5,878501,3,0.16981132075471697,265
5,878501,4,0.15471698113207547,265
5,878501,5,0.17735849056603772,265
5,882001,1,0.13584905660377358,265
5,882001,2,0.12075471698113208,265
5,882001,3,0.15849056603773584,265
5,882001,4,0.12452830188679245,265
5,882001,5,0.12075471698113208,265
5,885501,1,0.15849056603773584,265
5,885501,2,0.14339622641509434,265
5,885501,3,0.1660377358490566,265
5,885501,4,0.1169811320754717,265
5,885501,5,0.11320754716981132,265
5,889001,1,0.15849056603773584,265
5,889001,2,0.13962264150943396,265
5,889001,3,0.16226415094339622,265
5,889001,4,0.13584905660377358,265
5,889001,5,0.10566037735849057,265
5,892501,1,0.12452830188679245,265
5,892501,2,0.1471698113207547,265
5,892501,3,0.13584905660377358,265
5,892501,4,0.14339622641509434,265
5,892501,5,0.13962264150943396,265
5,896001,1,0.1471698113207547,265
5,896001,2,0.15849056603773584,265
5,896001,3,0.14339622641509434,265
5,896001,4,0.1660377358490566,265
5,896001,5,0.12075471698113208,265
5,899501,1,0.1471698113207547,265
5,899501,2,0.19622641509433963,265
5,899501,3,0.1509433962264151,265
5,899501,4,0.19245283018867926,265
5,899501,5,0.10943396226415095,265
5,903001,1,0.1471698113207547,265
5,903001,2,0.14339622641509434,265
5,903001,3,0.1169811320754717,265
5,903001,4,0.12830188679245283,265
5,903001,5,0.1811320754716981,265
5,906501,1,0.15471698113207547,265
5,906501,2,0.14339622641509434,265
5,906501,3,0.1811320754716981,265
5,906501,4,0.1509433962264151,265
5,906501,5,0.1320754716981132,265
5,910001,1,0.13584905660377358,265
5,910001,2,0.21132075471698114,265
5,910001,3,0.14339622641509434,265
5,910001,4,0.16981132075471697,265
5,910001,5,0.13962264150943396,265
5,913501,1,0.1471698113207547,265
5,913501,2,0.1811320754716981,265
5,913501,3,0.13962264150943396,265
5,913501,4,0.1471698113207547,265
5,913501,5,0.17358490566037735,265
5,917001,1,0.12830188679245283,265
5,917001,2,0.14339622641509434,265
5,917001,3,0.14339622641509434,265
5,917001,4,0.14339622641509434,265
5,917001,5,0.1660377358490566,265
5,920501,1,0.16981132075471697,265
5,920501,2,0.1018867924528302,265
5,920501,3,0.17735849056603772,265
5,920501,4,0.13962264150943396,265
5,920501,5,0.16226415094339622,265
5,924001,1,0.1660377358490566,265
5,924001,2,0.16981132075471697,265
5,924001,3,0.18867924528301888,265
5,924001,4,0.1471698113207547,265
5,924001,5,0.17735849056603772,265
5,927501,1,0.15471698113207547,265
5,927501,2,0.17735849056603772,265
5,927501,3,0.1811320754716981,265
5,927501,4,0.10943396226415095,265
5,927501,5,0.14339622641509434,265
5,931001,1,0.1320754716981132,265
5,931001,2,0.1471698113207547,265
5,931001,3,0.14339622641509434,265
5,931001,4,0.1509433962264151,265
5,931001,5,0.10943396226415095,265
5,934501,1,0.1660377358490566,265
5,934501,2,0.17735849056603772,265
5,934501,3,0.13962264150943396,265
5,934501,4,0.1509433962264151,265
5,934501,5,0.07924528301886792,265
5,938001,1,0.1320754716981132,265
5,938001,2,0.1509433962264151,265
5,938001,3,0.18490566037735848,265
5,938001,4,0.1660377358490566,265
5,938001,5,0.12830188679245283,265
5,941501,1,0.13962264150943396,265
5,941501,2,0.15471698113207547,265
5,941501,3,0.15849056603773584,265
5,941501,4,0.1509433962264151,265
5,941501,5,0.1169811320754717,265
5,945001,1,0.09056603773584905,265
5,945001,2,0.16226415094339622,265
5,945001,3,0.19622641509433963,265
5,945001,4,0.15849056603773584,265
5,945001,5,0.16226415094339622,265
5,948501,1,0.15471698113207547,265
5,948501,2,0.17358490566037735,265
5,948501,3,0.13584905660377358,265
5,948501,4,0.16981132075471697,265
5,948501,5,0.1509433962264151,265
5,952001,1,0.16981132075471697,265
5,952001,2,0.1811320754716981,265
5,952001,3,0.14339622641509434,265
5,952001,4,0.17358490566037735,265
5,952001,5,0.14339622641509434,265
5,955501,1,0.14339622641509434,265
5,955501,2,0.1509433962264151,265
5,955501,3,0.15471698113207547,265
5,955501,4,0.14339622641509434,265
5,955501,5,0.16981132075471697,265
5,959001,1,0.15849056603773584,265
5,959001,2,0.1320754716981132,265
5,959001,3,0.11320754716981132,265
5,959001,4,0.15471698113207547,265
5,959001,5,0.1320754716981132,265
5,962501,1,0.14339622641509434,265
5,962501,2,0.12452830188679245,265
5,962501,3,0.18490566037735848,265
5,962501,4,0.1169811320754717,265
5,962501,5,0.12830188679245283,265
5,966001,1,0.16981132075471697,265
5,966001,2,0.1471698113207547,265
5,966001,3,0.17735849056603772,265
5,966001,4,0.17735849056603772,265
5,966001,5,0.10566037735849057,265
5,969501,1,0.16226415094339622,265
5,969501,2,0.13584905660377358,265
5,969501,3,0.17735849056603772,265
5,969501,4,0.1320754716981132,265
5,969501,5,0.10566037735849057,265
5,973001,1,0.1471698113207547,265
5,973001,2,0.12075471698113208,265
5,973001,3,0.15849056603773584,265
5,973001,4,0.15849056603773584,265
5,973001,5,0.1660377358490566,265
5,976501,1,0.17358490566037735,265
5,976501,2,0.1660377358490566,265
5,976501,3,0.1509433962264151,265
5,976501,4,0.12830188679245283,265
5,976501,5,0.1660377358490566,265
5,980001,1,0.13584905660377358,265
5,980001,2,0.1660377358490566,265
5,980001,3,0.1169811320754717,265
5,980001,4,0.17358490566037735,265
5,980001,5,0.16226415094339622,265
5,983501,1,0.16981132075471697,265
5,983501,2,0.13962264150943396,265
5,983501,3,0.14339622641509434,265
5,983501,4,0.19622641509433963,265
5,983501,5,0.12830188679245283,265
5,987001,1,0.1509433962264151,265
5,987001,2,0.2,265
5,987001,3,0.1320754716981132,265
5,987001,4,0.13962264150943396,265
5,987001,5,0.16981132075471697,265
5,990501,1,0.14339622641509434,265
5,990501,2,0.16981132075471697,265
5,990501,3,0.1509433962264151,265
5,990501,4,0.1811320754716981,265
5,990501,5,0.15471698113207547,265
5,994001,1,0.16981132075471697,265
5,994001,2,0.16981132075471697,265
5,994001,3,0.16981132075471697,265
5,994001,4,0.12830188679245283,265
5,994001,5,0.15849056603773584,265
5,997501,1,0.16226415094339622,265
5,997501,2,0.14339622641509434,265
5,997501,3,0.1509433962264151,265
5,997501,4,0.17358490566037735,265
5,997501,5,0.18490566037735848,265
6,301001,1,0.16759776536312848,179
6,301001,2,0.1452513966480447,179
6,301001,3,0.1340782122905028,179
6,301001,4,0.1564245810055866,179
6,301001,5,0.11731843575418995,179
6,304501,1,0.12849162011173185,179
6,304501,2,0.16759776536312848,179
6,304501,3,0.16759776536312848,179
6,304501,4,0.11731843575418995,179
6,304501,5,0.16759776536312848,179
6,308001,1,0.1340782122905028,179
6,308001,2,0.1452513966480447,179
6,308001,3,0.1564245810055866,179
6,308001,4,0.1452513966480447,179
6,308001,5,0.18994413407821228,179
6,311501,1,0.1340782122905028,179
6,311501,2,0.12849162011173185,179
6,311501,3,0.1564245810055866,179
6,311501,4,0.15083798882681565,179
6,311501,5,0.15083798882681565,179
6,315001,1,0.1787709497206704,179
6,315001,2,0.1564245810055866,179
6,315001,3,0.13966480446927373,179
6,315001,4,0.16759776536312848,179
6,315001,5,0.16201117318435754,179
6,318501,1,0.1564245810055866,179
6,318501,2,0.16201117318435754,179
6,318501,3,0.1787709497206704,179
6,318501,4,0.17318435754189945,179
6,318501,5,0.15083798882681565,179
6,322001,1,0.16201117318435754,179
6,322001,2,0.16201117318435754,179
6,322001,3,0.13966480446927373,179
6,322001,4,0.1005586592178771,179
6,322001,5,0.1564245810055866,179
6,325501,1,0.16759776536312848,179
6,325501,2,0.1452513966480447,179
6,325501,3,0.15083798882681565,179
6,325501,4,0.1564245810055866,179
6,325501,5,0.13966480446927373,179
6,329001,1,0.1452513966480447,179
6,329001,2,0.12849162011173185,179
6,329001,3,0.12290502793296089,179
6,329001,4,0.16201117318435754,179
6,329001,5,0.1452513966480447,179
6,332501,1,0.17318435754189945,179
6,332501,2,0.15083798882681565,179
6,332501,3,0.13966480446927373,179
6,332501,4,0.16201117318435754,179
6,332501,5,0.1564245810055866,179
6,336001,1,0.16759776536312848,179
6,336001,2,0.19553072625698323,179
6,336001,3,0.1340782122905028,179
6,336001,4,0.19553072625698323,179
6,336001,5,0.1005586592178771,179
6,339501,1,0.1452513966480447,179
6,339501,2,0.16201117318435754,179
6,339501,3,0.12849162011173185,179
6,339501,4,0.1564245810055866,179
6,339501,5,0.17318435754189945,179
6,343001,1,0.12290502793296089,179
6,343001,2,0.1787709497206704,179
6,343001,3,0.16201117318435754,179
6,343001,4,0.11173184357541899,179
6,343001,5,0.11731843575418995,179
6,346501,1,0.16201117318435754,179
6,346501,2,0.1340782122905028,179
6,346501,3,0.1787709497206704,179
6,346501,4,0.1452513966480447,179
6,346501,5,0.13966480446927373,179
6,350001,1,0.16201117318435754,179
6,350001,2,0.16201117318435754,179
6,350001,3,0.13966480446927373,179
6,350001,4,0.1564245810055866,179
6,350001,5,0.11173184357541899,179
6,353501,1,0.19553072625698323,179
6,353501,2,0.15083798882681565,179
6,353501,3,0.1340782122905028,179
6,353501,4,0.12849162011173185,179
6,353501,5,0.1340782122905028,179
6,357001,1,0.17318435754189945,179
6,357001,2,0.22905027932960895,179
6,357001,3,0.12849162011173185,179
6,357001,4,0.1452513966480447,179
6,357001,5,0.15083798882681565,179
6,360501,1,0.19553072625698323,179
6,360501,2,0.1564245810055866,179
6,360501,3,0.12849162011173185,179
6,360501,4,0.1452513966480447,179
6,360501,5,0.13966480446927373,179
6,364001,1,0.16201117318435754,179
6,364001,2,0.15083798882681565,179
6,364001,3,0.2011173184357542,179
6,364001,4,0.13966480446927373,179
6,364001,5,0.12849162011173185,179
6,367501,1,0.11173184357541899,179
6,367501,2,0.17318435754189945,179
6,367501,3,0.1564245810055866,179
6,367501,4,0.16201117318435754,179
6,367501,5,0.1340782122905028,179
6,371001,1,0.16759776536312848,179
6,371001,2,0.15083798882681565,179
6,371001,3,0.1564245810055866,179
6,371001,4,0.12849162011173185,179
6,371001,5,0.1452513966480447,179
6,374501,1,0.13966480446927373,179
6,374501,2,0.1452513966480447,179
6,374501,3,0.17318435754189945,179
6,374501,4,0.11173184357541899,179
6,374501,5,0.16759776536312848,179
6,378001,1,0.15083798882681565,179
6,378001,2,0.21787709497206703,179
6,378001,3,0.1787709497206704,179
6,378001,4,0.12849162011173185,179
6,378001,5,0.1452513966480447,179
6,381501,1,0.16759776536312848,179
6,381501,2,0.17318435754189945,179
6,381501,3,0.15083798882681565,179
6,381501,4,0.16759776536312848,179
6,381501,5,0.1564245810055866,179
6,385001,1,0.17318435754189945,179
6,385001,2,0.1340782122905028,179
6,385001,3,0.13966480446927373,179
6,385001,4,0.1564245810055866,179
6,385001,5,0.13966480446927373,179
6,388501,1,0.1452513966480447,179
6,388501,2,0.11731843575418995,179
6,388501,3,0.1452513966480447,179
6,388501,4,0.16201117318435754,179
6,388501,5,0.1787709497206704,179
6,392001,1,0.13966480446927373,179
6,392001,2,0.15083798882681565,179
6,392001,3,0.19553072625698323,179
6,392001,4,0.12290502793296089,179
6,392001,5,0.17318435754189945,179
6,395501,1,0.1564245810055866,179
6,395501,2,0.15083798882681565,179
6,395501,3,0.1564245810055866,179
6,395501,4,0.15083798882681565,179
6,395501,5,0.16759776536312848,179
6,399001,1,0.17318435754189945,179
6,399001,2,0.1564245810055866,179
6,399001,3,0.1340782122905028,179
6,399001,4,0.15083798882681565,179
6,399001,5,0.1452513966480447,179
6,402501,1,0.1564245810055866,179
6,402501,2,0.17318435754189945,179
6,402501,3,0.12849162011173185,179
6,402501,4,0.1787709497206704,179
6,402501,5,0.16201117318435754,179
6,406001,1,0.1564245810055866,179
6,406001,2,0.11731843575418995,179
6,406001,3,0.1452513966480447,179
6,406001,4,0.20670391061452514,179
6,406001,5,0.1340782122905028,179
6,409501,1,0.12849162011173185,179
6,409501,2,0.19553072625698323,179
6,409501,3,0.17318435754189945,179
6,409501,4,0.17318435754189945,179
6,409501,5,0.11173184357541899,179
6,413001,1,0.13966480446927373,179
6,413001,2,0.1564245810055866,179
6,413001,3,0.17318435754189945,179
6,413001,4,0.13966480446927373,179
6,413001,5,0.13966480446927373,179
6,416501,1,0.16201117318435754,179
6,416501,2,0.18994413407821228,179
6,416501,3,0.18435754189944134,179
6,416501,4,0.1340782122905028,179
6,416501,5,0.13966480446927373,179
6,420001,1,0.17318435754189945,179
6,420001,2,0.12849162011173185,179
6,420001,3,0.18994413407821228,179
6,420001,4,0.15083798882681565,179
6,420001,5,0.1564245810055866,179
6,423501,1,0.16201117318435754,179
6,423501,2,0.16759776536312848,179
6,423501,3,0.1340782122905028,179
6,423501,4,0.18435754189944134,179
6,423501,5,0.1564245810055866,179
6,427001,1,0.1564245810055866,179
6,427001,2,0.17318435754189945,179
6,427001,3,0.1340782122905028,179
6,427001,4,0.1564245810055866,179
6,427001,5,0.16759776536312848,179
6,430501,1,0.16759776536312848,179
6,430501,2,0.16201117318435754,179
6,430501,3,0.1452513966480447,179
6,430501,4,0.1452513966480447,179
6,430501,5,0.11731843575418995,179
6,434001,1,0.16201117318435754,179
6,434001,2,0.11731843575418995,179
6,434001,3,0.16759776536312848,179
6,434001,4,0.1340782122905028,179
6,434001,5,0.1452513966480447,179
6,437501,1,0.2011173184357542,179
6,437501,2,0.16759776536312848,179
6,437501,3,0.1452513966480447,179
6,437501,4,0.13966480446927373,179
6,437501,5,0.1564245810055866,179
6,441001,1,0.15083798882681565,179
6,441001,2,0.16201117318435754,179
6,441001,3,0.17318435754189945,179
6,441001,4,0.1564245810055866,179
6,441001,5,0.15083798882681565,179
6,444501,1,0.17318435754189945,179
6,444501,2,0.2011173184357542,179
6,444501,3,0.16201117318435754,179
6,444501,4,0.13966480446927373,179
6,444501,5,0.1564245810055866,179
6,448001,1,0.13966480446927373,179
6,448001,2,0.16759776536312848,179
6,448001,3,0.13966480446927373,179
6,448001,4,0.1005586592178771,179
6,448001,5,0.18994413407821228,179
6,451501,1,0.13966480446927373,179
6,451501,2,0.1787709497206704,179
6,451501,3,0.1787709497206704,179
6,451501,4,0.15083798882681565,179
6,451501,5,0.15083798882681565,179
6,455001,1,0.15083798882681565,179
6,455001,2,0.1564245810055866,179
6,455001,3,0.16759776536312848,179
6,455001,4,0.11731843575418995,179
6,455001,5,0.1787709497206704,179
6,458501,1,0.11731843575418995,179
6,458501,2,0.1452513966480447,179
6,458501,3,0.13966480446927373,179
6,458501,4,0.13966480446927373,179
6,458501,5,0.1340782122905028,179
6,462001,1,0.16759776536312848,179
6,462001,2,0.16759776536312848,179
6,462001,3,0.17318435754189945,179
6,462001,4,0.16759776536312848,179
6,462001,5,0.13966480446927373,179
6,465501,1,0.13966480446927373,179
6,465501,2,0.2011173184357542,179
6,465501,3,0.16759776536312848,179
6,465501,4,0.16759776536312848,179
6,465501,5,0.18994413407821228,179
6,469001,1,0.15083798882681565,179
6,469001,2,0.15083798882681565,179
6,469001,3,0.1452513966480447,179
6,469001,4,0.16759776536312848,179
6,469001,5,0.1452513966480447,179
6,472501,1,0.11731843575418995,179
6,472501,2,0.18994413407821228,179
6,472501,3,0.12849162011173185,179
6,472501,4,0.19553072625698323,179
6,472501,5,0.12290502793296089,179
6,476001,1,0.16201117318435754,179
6,476001,2,0.1452513966480447,179
6,476001,3,0.1452513966480447,179
6,476001,4,0.18435754189944134,179
6,476001,5,0.16201117318435754,179
6,479501,1,0.16201117318435754,179
6,479501,2,0.1787709497206704,179
6,479501,3,0.1787709497206704,179
6,479501,4,0.12849162011173185,179
6,479501,5,0.1340782122905028,179
6,483001,1,0.1787709497206704,179
6,483001,2,0.17318435754189945,179
6,483001,3,0.1787709497206704,179
6,483001,4,0.18994413407821228,179
6,483001,5,0.15083798882681565,179
6,486501,1,0.18994413407821228,179
6,486501,2,0.1452513966480447,179
6,486501,3,0.18994413407821228,179
6,486501,4,0.17318435754189945,179
6,486501,5,0.15083798882681565,179
6,490001,1,0.16201117318435754,179
6,490001,2,0.16201117318435754,179
6,490001,3,0.16759776536312848,179
6,490001,4,0.15083798882681565,179
6,490001,5,0.19553072625698323,179
6,493501,1,0.17318435754189945,179
6,493501,2,0.11173184357541899,179
6,493501,3,0.15083798882681565,179
6,493501,4,0.17318435754189945,179
6,493501,5,0.16759776536312848,179
6,497001,1,0.1787709497206704,179
6,497001,2,0.17318435754189945,179
6,497001,3,0.17318435754189945,179
6,497001,4,0.1452513966480447,179
6,497001,5,0.1452513966480447,179
6,500501,1,0.1452513966480447,179
6,500501,2,0.1340782122905028,179
6,500501,3,0.2011173184357542,179
6,500501,4,0.1564245810055866,179
6,500501,5,0.15083798882681565,179
6,504001,1,0.0670391061452514,179
6,504001,2,0.13966480446927373,179
6,504001,3,0.1452513966480447,179
6,504001,4,0.1340782122905028,179
6,504001,5,0.1340782122905028,179
6,507501,1,0.1787709497206704,179
6,507501,2,0.15083798882681565,179
6,507501,3,0.1564245810055866,179
6,507501,4,0.1340782122905028,179
6,507501,5,0.16759776536312848,179
6,511001,1,0.15083798882681565,179
6,511001,2,0.17318435754189945,179
6,511001,3,0.12290502793296089,179
6,511001,4,0.17318435754189945,179
6,511001,5,0.1452513966480447,179
6,514501,1,0.15083798882681565,179
6,514501,2,0.16759776536312848,179
6,514501,3,0.12290502793296089,179
6,514501,4,0.16759776536312848,179
6,514501,5,0.1452513966480447,179
6,518001,1,0.1452513966480447,179
6,518001,2,0.16759776536312848,179
6,518001,3,0.13966480446927373,179
6,518001,4,0.11731843575418995,179
6,518001,5,0.1564245810055866,179
6,521501,1,0.1787709497206704,179
6,521501,2,0.2011173184357542,179
6,521501,3,0.11731843575418995,179
6,521501,4,0.17318435754189945,179
6,521501,5,0.12290502793296089,179
6,525001,1,0.16201117318435754,179
6,525001,2,0.1787709497206704,179
6,525001,3,0.11173184357541899,179
6,525001,4,0.12290502793296089,179
6,525001,5,0.12849162011173185,179
6,528501,1,0.11173184357541899,179
6,528501,2,0.18994413407821228,179
6,528501,3,0.18994413407821228,179
6,528501,4,0.1452513966480447,179
6,528501,5,0.1452513966480447,179
6,532001,1,0.13966480446927373,179
6,532001,2,0.1452513966480447,179
6,532001,3,0.13966480446927373,179
6,532001,4,0.16201117318435754,179
6,532001,5,0.1564245810055866,179
6,535501,1,0.15083798882681565,179
6,535501,2,0.1452513966480447,179
6,535501,3,0.1787709497206704,179
6,535501,4,0.17318435754189945,179
6,535501,5,0.1787709497206704,179
6,539001,1,0.17318435754189945,179
6,539001,2,0.16759776536312848,179
6,539001,3,0.1564245810055866,179
6,539001,4,0.16759776536312848,179
6,539001,5,0.1787709497206704,179
6,542501,1,0.16201117318435754,179
6,542501,2,0.16201117318435754,179
6,542501,3,0.1564245810055866,179
6,542501,4,0.09497206703910614,179
6,542501,5,0.16201117318435754,179
6,546001,1,0.15083798882681565,179
6,546001,2,0.16759776536312848,179
6,546001,3,0.11731843575418995,179
6,546001,4,0.16201117318435754,179
6,546001,5,0.11173184357541899,179
6,549501,1,0.15083798882681565,179
6,549501,2,0.11731843575418995,179
6,549501,3,0.10614525139664804,179
6,549501,4,0.1564245810055866,179
6,549501,5,0.1340782122905028,179
6,553001,1,0.18435754189944134,179
6,553001,2,0.1452513966480447,179
6,553001,3,0.1340782122905028,179
6,553001,4,0.1452513966480447,179
6,553001,5,0.11173184357541899,179
6,556501,1,0.1564245810055866,179
6,556501,2,0.18435754189944134,179
6,556501,3,0.16201117318435754,179
6,556501,4,0.12290502793296089,179
6,556501,5,0.16201117318435754,179
6,560001,1,0.10614525139664804,179
6,560001,2,0.19553072625698323,179
6,560001,3,0.16201117318435754,179
6,560001,4,0.13966480446927373,179
6,560001,5,0.16201117318435754,179
6,563501,1,0.11173184357541899,179
6,563501,2,0.1340782122905028,179
6,563501,3,0.12849162011173185,179
6,563501,4,0.11731843575418995,179
6,563501,5,0.1452513966480447,179
6,567001,1,0.1340782122905028,179
6,567001,2,0.15083798882681565,179
6,567001,3,0.15083798882681565,179
6,567001,4,0.11173184357541899,179
6,567001,5,0.16201117318435754,179
6,570501,1,0.13966480446927373,179
6,570501,2,0.13966480446927373,179
6,570501,3,0.16201117318435754,179
6,570501,4,0.15083798882681565,179
6,570501,5,0.16759776536312848,179
6,574001,1,0.1564245810055866,179
6,574001,2,0.1452513966480447,179
6,574001,3,0.15083798882681565,179
6,574001,4,0.13966480446927373,179
6,574001,5,0.1340782122905028,179
6,577501,1,0.1452513966480447,179
6,577501,2,0.1564245810055866,179
6,577501,3,0.15083798882681565,179
6,577501,4,0.15083798882681565,179
6,577501,5,0.17318435754189945,179
6,581001,1,0.1564245810055866,179
6,581001,2,0.13966480446927373,179
6,581001,3,0.13966480446927373,179
6,581001,4,0.10614525139664804,179
6,581001,5,0.18435754189944134,179
6,584501,1,0.12849162011173185,179
6,584501,2,0.1340782122905028,179
6,584501,3,0.17318435754189945,179
6,584501,4,0.19553072625698323,179
6,584501,5,0.1452513966480447,179
6,588001,1,0.1452513966480447,179
6,588001,2,0.2011173184357542,179
6,588001,3,0.1452513966480447,179
6,588001,4,0.16201117318435754,179
6,588001,5,0.15083798882681565,179
6,591501,1,0.18435754189944134,179
6,591501,2,0.16759776536312848,179
6,591501,3,0.15083798882681565,179
6,591501,4,0.13966480446927373,179
6,591501,5,0.16201117318435754,179
6,595001,1,0.15083798882681565,179
6,595001,2,0.15083798882681565,179
6,595001,3,0.18435754189944134,179
6,595001,4,0.16759776536312848,179
6,595001,5,0.12290502793296089,179
6,598501,1,0.15083798882681565,179
6,598501,2,0.1787709497206704,179
6,598501,3,0.16759776536312848,179
6,598501,4,0.19553072625698323,179
6,598501,5,0.16759776536312848,179
6,602001,1,0.16759776536312848,179
6,602001,2,0.16759776536312848,179
6,602001,3,0.13966480446927373,179
6,602001,4,0.18435754189944134,179
6,602001,5,0.17318435754189945,179
6,605501,1,0.12849162011173185,179
6,605501,2,0.15083798882681565,179
6,605501,3,0.12290502793296089,179
6,605501,4,0.16759776536312848,179
6,605501,5,0.1787709497206704,179
6,609001,1,0.1564245810055866,179
6,609001,2,0.1564245810055866,179
6,609001,3,0.16759776536312848,179
6,609001,4,0.15083798882681565,179
6,609001,5,0.1564245810055866,179
6,612501,1,0.12849162011173185,179
6,612501,2,0.13966480446927373,179
6,612501,3,0.17318435754189945,179
6,612501,4,0.12849162011173185,179
6,612501,5,0.13966480446927373,179
6,616001,1,0.1787709497206704,179
6,616001,2,0.13966480446927373,179
6,616001,3,0.12849162011173185,179
6,616001,4,0.16759776536312848,179
6,616001,5,0.10614525139664804,179
6,619501,1,0.17318435754189945,179
6,619501,2,0.13966480446927373,179
6,619501,3,0.1564245810055866,179
6,619501,4,0.15083798882681565,179
6,619501,5,0.13966480446927373,179
6,623001,1,0.1564245810055866,179
6,623001,2,0.16759776536312848,179
6,623001,3,0.12849162011173185,179
6,623001,4,0.1564245810055866,179
6,623001,5,0.16759776536312848,179
6,626501,1,0.1340782122905028,179
6,626501,2,0.1452513966480447,179
6,626501,3,0.15083798882681565,179
6,626501,4,0.18994413407821228,179
6,626501,5,0.1340782122905028,179
6,630001,1,0.15083798882681565,179
6,630001,2,0.1564245810055866,179
6,630001,3,0.12290502793296089,179
6,630001,4,0.1452513966480447,179
6,630001,5,0.13966480446927373,179
6,633501,1,0.11173184357541899,179
6,633501,2,0.16759776536312848,179
6,633501,3,0.10614525139664804,179
6,633501,4,0.16201117318435754,179
6,633501,5,0.1452513966480447,179
6,637001,1,0.1564245810055866,179
6,637001,2,0.17318435754189945,179
6,637001,3,0.11173184357541899,179
6,637001,4,0.13966480446927373,179
6,637001,5,0.15083798882681565,179
6,640501,1,0.1564245810055866,179
6,640501,2,0.13966480446927373,179
6,640501,3,0.10614525139664804,179
6,640501,4,0.1340782122905028,179
6,640501,5,0.16759776536312848,179
6,644001,1,0.17318435754189945,179
6,644001,2,0.13966480446927373,179
6,644001,3,0.13966480446927373,179
6,644001,4,0.12849162011173185,179
6,644001,5,0.16201117318435754,179
6,647501,1,0.1564245810055866,179
6,647501,2,0.2011173184357542,179
6,647501,3,0.11731843575418995,179
6,647501,4,0.16201117318435754,179
6,647501,5,0.16201117318435754,179
6,651001,1,0.11173184357541899,179
6,651001,2,0.1452513966480447,179
6,651001,3,0.16201117318435754,179
6,651001,4,0.12849162011173185,179
6,651001,5,0.16201117318435754,179
6,654501,1,0.17318435754189945,179
6,654501,2,0.18435754189944134,179
6,654501,3,0.1340782122905028,179
6,654501,4,0.1452513966480447,179
6,654501,5,0.16759776536312848,179
6,658001,1,0.1564245810055866,179
6,658001,2,0.13966480446927373,179
6,658001,3,0.1452513966480447,179
6,658001,4,0.1340782122905028,179
6,658001,5,0.12290502793296089,179
6,661501,1,0.1340782122905028,179
6,661501,2,0.16759776536312848,179
6,661501,3,0.1564245810055866,179
6,661501,4,0.1340782122905028,179
6,661501,5,0.18435754189944134,179
6,665001,1,0.1452513966480447,179
6,665001,2,0.15083798882681565,179
6,665001,3,0.10614525139664804,179
6,665001,4,0.19553072625698323,179
6,665001,5,0.18435754189944134,179
6,668501,1,0.1340782122905028,179
6,668501,2,0.13966480446927373,179
6,668501,3,0.11173184357541899,179
6,668501,4,0.1787709497206704,179
6,668501,5,0.1564245810055866,179
6,672001,1,0.17318435754189945,179
6,672001,2,0.18994413407821228,179
6,672001,3,0.0782122905027933,179
6,672001,4,0.18435754189944134,179
6,672001,5,0.16201117318435754,179
6,675501,1,0.16201117318435754,179
6,675501,2,0.18435754189944134,179
6,675501,3,0.1340782122905028,179
6,675501,4,0.18994413407821228,179
6,675501,5,0.13966480446927373,179
6,679001,1,0.10614525139664804,179
6,679001,2,0.1340782122905028,179
6,679001,3,0.1340782122905028,179
6,679001,4,0.1564245810055866,179
6,679001,5,0.1787709497206704,179
6,682501,1,0.1340782122905028,179
6,682501,2,0.12849162011173185,179
6,682501,3,0.1564245810055866,179
6,682501,4,0.13966480446927373,179
6,682501,5,0.1452513966480447,179
6,686001,1,0.18435754189944134,179
6,686001,2,0.16201117318435754,179
6,686001,3,0.15083798882681565,179
6,686001,4,0.1452513966480447,179
6,686001,5,0.13966480446927373,179
6,689501,1,0.18435754189944134,179
6,689501,2,0.1787709497206704,179
6,689501,3,0.12849162011173185,179
6,689501,4,0.15083798882681565,179
6,689501,5,0.11731843575418995,179
6,693001,1,0.1452513966480447,179
6,693001,2,0.1564245810055866,179
6,693001,3,0.1564245810055866,179
6,693001,4,0.1452513966480447,179
6,693001,5,0.18435754189944134,179
6,696501,1,0.1340782122905028,179
6,696501,2,0.16201117318435754,179
6,696501,3,0.13966480446927373,179
6,696501,4,0.12290502793296089,179
6,696501,5,0.15083798882681565,179
6,700001,1,0.13966480446927373,179
6,700001,2,0.11731843575418995,179
6,700001,3,0.11173184357541899,179
6,700001,4,0.10614525139664804,179
6,700001,5,0.18435754189944134,179
6,703501,1,0.13966480446927373,179
6,703501,2,0.17318435754189945,179
6,703501,3,0.1452513966480447,179
6,703501,4,0.11731843575418995,179
6,703501,5,0.1340782122905028,179
6,707001,1,0.16201117318435754,179
6,707001,2,0.18994413407821228,179
6,707001,3,0.1787709497206704,179
6,707001,4,0.16201117318435754,179
6,707001,5,0.16759776536312848,179
6,710501,1,0.17318435754189945,179
6,710501,2,0.1340782122905028,179
6,710501,3,0.17318435754189945,179
6,710501,4,0.12849162011173185,179
6,710501,5,0.18435754189944134,179
6,714001,1,0.1787709497206704,179
6,714001,2,0.1340782122905028,179
6,714001,3,0.13966480446927373,179
6,714001,4,0.1564245810055866,179
6,714001,5,0.16759776536312848,179
6,717501,1,0.1787709497206704,179
6,717501,2,0.1005586592178771,179
6,717501,3,0.16759776536312848,179
6,717501,4,0.1564245810055866,179
6,717501,5,0.15083798882681565,179
6,721001,1,0.1787709497206704,179
6,721001,2,0.11173184357541899,179
6,721001,3,0.15083798882681565,179
6,721001,4,0.1787709497206704,179
6,721001,5,0.16759776536312848,179
6,724501,1,0.16759776536312848,179
6,724501,2,0.17318435754189945,179
6,724501,3,0.19553072625698323,179
6,724501,4,0.12290502793296089,179
6,724501,5,0.13966480446927373,179
6,728001,1,0.16759776536312848,179
6,728001,2,0.1452513966480447,179
6,728001,3,0.12849162011173185,179
6,728001,4,0.1564245810055866,179
6,728001,5,0.1787709497206704,179
6,731501,1,0.09497206703910614,179
6,731501,2,0.1452513966480447,179
6,731501,3,0.18994413407821228,179
6,731501,4,0.18435754189944134,179
6,731501,5,0.13966480446927373,179
6,735001,1,0.1340782122905028,179
6,735001,2,0.12849162011173185,179
6,735001,3,0.16759776536312848,179
6,735001,4,0.18994413407821228,179
6,735001,5,0.15083798882681565,179
6,738501,1,0.13966480446927373,179
6,738501,2,0.12849162011173185,179
6,738501,3,0.19553072625698323,179
6,738501,4,0.15083798882681565,179
6,738501,5,0.1787709497206704,179
6,742001,1,0.1340782122905028,179
6,742001,2,0.15083798882681565,179
6,742001,3,0.1564245810055866,179
6,742001,4,0.17318435754189945,179
6,742001,5,0.12290502793296089,179
6,745501,1,0.13966480446927373,179
6,745501,2,0.1452513966480447,179
6,745501,3,0.1564245810055866,179
6,745501,4,0.19553072625698323,179
6,745501,5,0.1452513966480447,179
6,749001,1,0.12849162011173185,179
6,749001,2,0.1564245810055866,179
6,749001,3,0.12290502793296089,179
6,749001,4,0.1564245810055866,179
6,749001,5,0.13966480446927373,179
6,752501,1,0.1340782122905028,179
6,752501,2,0.13966480446927373,179
6,752501,3,0.16201117318435754,179
6,752501,4,0.16201117318435754,179
6,752501,5,0.1452513966480447,179
6,756001,1,0.18435754189944134,179
6,756001,2,0.13966480446927373,179
6,756001,3,0.15083798882681565,179
6,756001,4,0.12849162011173185,179
6,756001,5,0.1340782122905028,179
6,759501,1,0.16759776536312848,179
6,759501,2,0.15083798882681565,179
6,759501,3,0.1340782122905028,179
6,759501,4,0.18994413407821228,179
6,759501,5,0.1340782122905028,179
6,763001,1,0.1452513966480447,179
6,763001,2,0.16759776536312848,179
6,763001,3,0.1787709497206704,179
6,763001,4,0.1452513966480447,179
6,763001,5,0.18435754189944134,179
6,766501,1,0.13966480446927373,179
6,766501,2,0.12849162011173185,179
6,766501,3,0.16201117318435754,179
6,766501,4,0.17318435754189945,179
6,766501,5,0.1340782122905028,179
6,770001,1,0.17318435754189945,179
6,770001,2,0.16201117318435754,179
6,770001,3,0.1452513966480447,179
6,770001,4,0.16201117318435754,179
6,770001,5,0.1787709497206704,179
6,773501,1,0.11173184357541899,179
6,773501,2,0.16759776536312848,179
6,773501,3,0.1787709497206704,179
6,773501,4,0.16759776536312848,179
6,773501,5,0.17318435754189945,179
6,777001,1,0.17318435754189945,179
6,777001,2,0.1452513966480447,179
6,777001,3,0.16201117318435754,179
6,777001,4,0.17318435754189945,179
6,777001,5,0.11731843575418995,179
6,780501,1,0.13966480446927373,179
6,780501,2,0.15083798882681565,179
6,780501,3,0.13966480446927373,179
6,780501,4,0.18994413407821228,179
6,780501,5,0.16201117318435754,179
6,784001,1,0.15083798882681565,179
6,784001,2,0.15083798882681565,179
6,784001,3,0.13966480446927373,179
6,784001,4,0.16759776536312848,179
6,784001,5,0.15083798882681565,179
6,787501,1,0.17318435754189945,179
6,787501,2,0.11731843575418995,179
6,787501,3,0.1005586592178771,179
6,787501,4,0.12849162011173185,179
6,787501,5,0.1452513966480447,179
6,791001,1,0.17318435754189945,179
6,791001,2,0.16201117318435754,179
6,791001,3,0.16201117318435754,179
6,791001,4,0.1452513966480447,179
6,791001,5,0.17318435754189945,179
6,794501,1,0.16201117318435754,179
6,794501,2,0.16201117318435754,179
6,794501,3,0.16759776536312848,179
6,794501,4,0.16201117318435754,179
6,794501,5,0.11731843575418995,179
6,798001,1,0.13966480446927373,179
6,798001,2,0.1564245810055866,179
6,798001,3,0.12290502793296089,179
6,798001,4,0.15083798882681565,179
6,798001,5,0.1452513966480447,179
6,801501,1,0.1340782122905028,179
6,801501,2,0.1452513966480447,179
6,801501,3,0.1564245810055866,179
6,801501,4,0.16759776536312848,179
6,801501,5,0.13966480446927373,179
6,805001,1,0.16201117318435754,179
6,805001,2,0.15083798882681565,179
6,805001,3,0.1452513966480447,179
6,805001,4,0.17318435754189945,179
6,805001,5,0.1787709497206704,179
6,808501,1,0.16759776536312848,179
6,808501,2,0.1787709497206704,179
6,808501,3,0.1564245810055866,179
6,808501,4,0.11173184357541899,179
6,808501,5,0.13966480446927373,179
6,812001,1,0.18435754189944134,179
6,812001,2,0.1340782122905028,179
6,812001,3,0.16201117318435754,179
6,812001,4,0.18435754189944134,179
6,812001,5,0.12849162011173185,179
6,815501,1,0.1564245810055866,179
6,815501,2,0.15083798882681565,179
6,815501,3,0.1564245810055866,179
6,815501,4,0.18435754189944134,179
6,815501,5,0.1452513966480447,179
6,819001,1,0.13966480446927373,179
6,819001,2,0.15083798882681565,179
6,819001,3,0.18435754189944134,179
6,819001,4,0.16201117318435754,179
6,819001,5,0.1564245810055866,179
6,822501,1,0.16201117318435754,179
6,822501,2,0.1340782122905028,179
6,822501,3,0.16759776536312848,179
6,822501,4,0.18994413407821228,179
6,822501,5,0.13966480446927373,179
6,826001,1,0.1452513966480447,179
6,826001,2,0.12290502793296089,179
6,826001,3,0.12849162011173185,179
6,826001,4,0.13966480446927373,179
6,826001,5,0.16201117318435754,179
6,829501,1,0.18435754189944134,179
6,829501,2,0.11173184357541899,179
6,829501,3,0.21787709497206703,179
6,829501,4,0.1564245810055866,179
6,829501,5,0.18435754189944134,179
6,833001,1,0.15083798882681565,179
6,833001,2,0.1564245810055866,179
6,833001,3,0.16201117318435754,179
6,833001,4,0.15083798882681565,179
6,833001,5,0.1340782122905028,179
6,836501,1,0.11173184357541899,179
6,836501,2,0.1452513966480447,179
6,836501,3,0.18994413407821228,179
6,836501,4,0.10614525139664804,179
6,836501,5,0.11731843575418995,179
6,840001,1,0.16759776536312848,179
6,840001,2,0.08379888268156424,179
6,840001,3,0.12849162011173185,179
6,840001,4,0.16759776536312848,179
6,840001,5,0.0893854748603352,179
6,843501,1,0.1452513966480447,179
6,843501,2,0.1340782122905028,179
6,843501,3,0.09497206703910614,179
6,843501,4,0.1787709497206704,179
6,843501,5,0.13966480446927373,179
6,847001,1,0.1340782122905028,179
6,847001,2,0.18994413407821228,179
6,847001,3,0.17318435754189945,179
6,847001,4,0.18435754189944134,179
6,847001,5,0.17318435754189945,179
6,850501,1,0.16201117318435754,179
6,850501,2,0.18435754189944134,179
6,850501,3,0.15083798882681565,179
6,850501,4,0.13966480446927373,179
6,850501,5,0.18435754189944134,179
6,854001,1,0.17318435754189945,179
6,854001,2,0.1787709497206704,179
6,854001,3,0.18994413407821228,179
6,854001,4,0.16201117318435754,179
6,854001,5,0.1452513966480447,179
6,857501,1,0.16201117318435754,179
6,857501,2,0.16201117318435754,179
6,857501,3,0.15083798882681565,179
6,857501,4,0.12849162011173185,179
6,857501,5,0.12849162011173185,179
6,861001,1,0.12290502793296089,179
6,861001,2,0.18435754189944134,179
6,861001,3,0.10614525139664804,179
6,861001,4,0.1340782122905028,179
6,861001,5,0.13966480446927373,179
6,864501,1,0.1787709497206704,179
6,864501,2,0.16201117318435754,179
6,864501,3,0.1452513966480447,179
6,864501,4,0.1564245810055866,179
6,864501,5,0.1452513966480447,179
6,868001,1,0.15083798882681565,179
6,868001,2,0.16759776536312848,179
6,868001,3,0.11731843575418995,179
6,868001,4,0.16201117318435754,179
6,868001,5,0.16201117318435754,179
6,871501,1,0.13966480446927373,179
6,871501,2,0.15083798882681565,179
6,871501,3,0.11173184357541899,179
6,871501,4,0.17318435754189945,179
6,871501,5,0.1452513966480447,179
6,875001,1,0.1564245810055866,179
6,875001,2,0.17318435754189945,179
6,875001,3,0.16759776536312848,179
6,875001,4,0.1340782122905028,179
6,875001,5,0.12849162011173185,179
6,878501,1,0.16759776536312848,179
6,878501,2,0.15083798882681565,179
6,878501,3,0.1452513966480447,179
6,878501,4,0.16759776536312848,179
6,878501,5,0.16759776536312848,179
6,882001,1,0.16201117318435754,179
6,882001,2,0.1340782122905028,179
6,882001,3,0.16759776536312848,179
6,882001,4,0.1564245810055866,179
6,882001,5,0.12290502793296089,179
6,885501,1,0.1564245810055866,179
6,885501,2,0.12849162011173185,179
6,885501,3,0.1787709497206704,179
6,885501,4,0.11173184357541899,179
6,885501,5,0.0782122905027933,179
6,889001,1,0.15083798882681565,179
6,889001,2,0.15083798882681565,179
6,889001,3,0.15083798882681565,179
6,889001,4,0.16201117318435754,179
6,889001,5,0.09497206703910614,179
6,892501,1,0.17318435754189945,179
6,892501,2,0.16759776536312848,179
6,892501,3,0.1452513966480447,179
6,892501,4,0.17318435754189945,179
6,892501,5,0.19553072625698323,179
6,896001,1,0.21787709497206703,179
6,896001,2,0.16201117318435754,179
6,896001,3,0.13966480446927373,179
6,896001,4,0.18994413407821228,179
6,896001,5,0.16759776536312848,179
6,899501,1,0.1452513966480447,179
6,899501,2,0.13966480446927373,179
6,899501,3,0.1564245810055866,179
6,899501,4,0.18435754189944134,179
6,899501,5,0.10614525139664804,179
6,903001,1,0.17318435754189945,179
6,903001,2,0.15083798882681565,179
6,903001,3,0.17318435754189945,179
6,903001,4,0.1564245810055866,179
6,903001,5,0.18435754189944134,179
6,906501,1,0.17318435754189945,179
6,906501,2,0.1452513966480447,179
6,906501,3,0.16201117318435754,179
6,906501,4,0.1340782122905028,179
6,906501,5,0.12849162011173185,179
6,910001,1,0.1340782122905028,179
6,910001,2,0.1787709497206704,179
6,910001,3,0.13966480446927373,179
6,910001,4,0.17318435754189945,179
6,910001,5,0.16201117318435754,179
6,913501,1,0.13966480446927373,179
6,913501,2,0.12849162011173185,179
6,913501,3,0.11731843575418995,179
6,913501,4,0.12290502793296089,179
6,913501,5,0.1564245810055866,179
6,917001,1,0.16759776536312848,179
6,917001,2,0.1452513966480447,179
6,917001,3,0.13966480446927373,179
6,917001,4,0.18435754189944134,179
6,917001,5,0.1452513966480447,179
6,920501,1,0.17318435754189945,179
6,920501,2,0.1340782122905028,179
6,920501,3,0.17318435754189945,179
6,920501,4,0.16201117318435754,179
6,920501,5,0.1787709497206704,179
6,924001,1,0.13966480446927373,179
6,924001,2,0.18994413407821228,179
6,924001,3,0.17318435754189945,179
6,924001,4,0.16201117318435754,179
6,924001,5,0.1787709497206704,179
6,927501,1,0.1340782122905028,179
6,927501,2,0.1452513966480447,179
6,927501,3,0.1340782122905028,179
6,927501,4,0.13966480446927373,179
6,927501,5,0.1452513966480447,179
6,931001,1,0.15083798882681565,179
6,931001,2,0.13966480446927373,179
6,931001,3,0.15083798882681565,179
6,931001,4,0.13966480446927373,179
6,931001,5,0.12290502793296089,179
6,934501,1,0.1564245810055866,179
6,934501,2,0.1564245810055866,179
6,934501,3,0.12849162011173185,179
6,934501,4,0.1340782122905028,179
6,934501,5,0.10614525139664804,179
6,938001,1,0.1340782122905028,179
6,938001,2,0.12849162011173185,179
6,938001,3,0.13966480446927373,179
6,938001,4,0.18435754189944134,179
6,938001,5,0.1452513966480447,179
6,941501,1,0.11731843575418995,179
6,941501,2,0.16759776536312848,179
6,941501,3,0.1340782122905028,179
6,941501,4,0.1787709497206704,179
6,941501,5,0.1452513966480447,179
6,945001,1,0.1452513966480447,179
6,945001,2,0.17318435754189945,179
6,945001,3,0.13966480446927373,179
6,945001,4,0.15083798882681565,179
6,945001,5,0.1564245810055866,179
6,948501,1,0.15083798882681565,179
6,948501,2,0.18435754189944134,179
6,948501,3,0.1564245810055866,179
6,948501,4,0.15083798882681565,179
6,948501,5,0.12849162011173185,179
6,952001,1,0.18994413407821228,179
6,952001,2,0.13966480446927373,179
6,952001,3,0.1452513966480447,179
6,952001,4,0.18435754189944134,179
6,952001,5,0.1452513966480447,179
6,955501,1,0.13966480446927373,179
6,955501,2,0.11731843575418995,179
6,955501,3,0.17318435754189945,179
6,955501,4,0.16759776536312848,179
6,955501,5,0.1452513966480447,179
6,959001,1,0.17318435754189945,179
6,959001,2,0.1452513966480447,179
6,959001,3,0.1340782122905028,179
6,959001,4,0.1564245810055866,179
6,959001,5,0.15083798882681565,179
6,962501,1,0.17318435754189945,179
6,962501,2,0.16759776536312848,179
6,962501,3,0.1340782122905028,179
6,962501,4,0.16759776536312848,179
6,962501,5,0.16759776536312848,179
6,966001,1,0.19553072625698323,179
6,966001,2,0.1787709497206704,179
6,966001,3,0.1564245810055866,179
6,966001,4,0.1340782122905028,179
6,966001,5,0.13966480446927373,179
6,969501,1,0.13966480446927373,179
6,969501,2,0.1564245810055866,179
6,969501,3,0.16759776536312848,179
6,969501,4,0.12290502793296089,179
6,969501,5,0.12290502793296089,179
6,973001,1,0.1005586592178771,179
6,973001,2,0.16759776536312848,179
6,973001,3,0.15083798882681565,179
6,973001,4,0.1564245810055866,179
6,973001,5,0.1340782122905028,179
6,976501,1,0.1564245810055866,179
6,976501,2,0.17318435754189945,179
6,976501,3,0.1452513966480447,179
6,976501,4,0.11173184357541899,179
6,976501,5,0.12290502793296089,179
6,980001,1,0.16759776536312848,179
6,980001,2,0.1452513966480447,179
6,980001,3,0.17318435754189945,179
6,980001,4,0.16759776536312848,179
6,980001,5,0.1005586592178771,179
6,983501,1,0.15083798882681565,179
6,983501,2,0.12290502793296089,179
6,983501,3,0.13966480446927373,179
6,983501,4,0.12290502793296089,179
6,983501,5,0.16759776536312848,179
6,987001,1,0.16759776536312848,179
6,987001,2,0.18435754189944134,179
6,987001,3,0.18435754189944134,179
6,987001,4,0.1340782122905028,179
6,987001,5,0.17318435754189945,179
6,990501,1,0.1564245810055866,179
6,990501,2,0.16201117318435754,179
6,990501,3,0.13966480446927373,179
6,990501,4,0.1564245810055866,179
6,990501,5,0.1452513966480447,179
6,994001,1,0.1452513966480447,179
6,994001,2,0.16201117318435754,179
6,994001,3,0.11731843575418995,179
6,994001,4,0.10614525139664804,179
6,994001,5,0.16759776536312848,179
6,997501,1,0.12849162011173185,179
6,997501,2,0.1452513966480447,179
6,997501,3,0.1452513966480447,179
6,997501,4,0.1787709497206704,179
6,997501,5,0.13966480446927373,179
